Epoch,Step,Loss,Accuracy,Validation Accuracy
1,0,4.6741,0.0000,16:26:14
1,10,4.4075,0.2500,22:53:02
1,20,4.3134,0.4062,06:13:29
1,30,4.1369,0.3750,07:44:08
1,40,3.7402,0.3438,15:41:53
1,50,4.0722,0.1875,01:50:22
1,60,3.7200,0.0625,02:24:15
1,70,3.7855,0.2188,22:53:06
1,80,4.2259,0.1250,18:54:41
1,90,4.4333,0.0938,14:06:29
1,100,3.7345,0.2812,22:35:31
1,110,4.1632,0.0625,04:19:32
1,120,3.7324,0.2500,05:54:53
1,130,3.8712,0.1250,05:10:13
1,140,3.7564,0.1250,01:49:57
1,150,3.2291,0.3750,08:59:28
1,160,3.0521,0.2812,04:06:29
1,170,3.0724,0.3438,18:49:33
1,180,2.8114,0.2500,17:40:15
1,190,3.0010,0.4062,18:21:14
1,200,3.8550,0.3125,22:38:50
1,210,4.4394,0.1875,21:47:25
1,220,4.5441,0.0938,22:33:56
1,230,3.6313,0.2188,09:31:57
1,240,4.1280,0.0938,21:05:20
1,250,3.6166,0.0625,01:37:54
1,260,4.2129,0.1250,00:30:48
1,270,3.7882,0.1875,22:01:44
1,280,3.7946,0.1875,01:39:06
1,290,4.0932,0.1875,05:25:09
1,300,3.4872,0.2188,01:54:23
1,310,3.8811,0.2500,04:30:38
1,320,3.7030,0.1875,05:17:33
1,330,3.7837,0.1250,07:18:08
1,340,3.9877,0.1250,04:19:58
1,350,3.5553,0.1875,05:17:05
1,360,3.9836,0.1562,09:49:14
1,370,3.7053,0.0938,06:42:42
1,380,3.6420,0.1250,00:46:05
1,390,3.2343,0.3438,01:31:55
1,400,3.4968,0.1250,07:38:53
1,410,3.2926,0.3125,04:39:40
1,420,3.7640,0.1875,06:53:35
1,430,4.2814,0.2812,01:44:05
1,440,3.3112,0.1875,04:13:50
1,450,4.1802,0.1250,00:32:10
1,460,3.5678,0.1875,06:28:12
1,470,3.4232,0.3125,14:26:25
1,480,3.5819,0.1875,10:44:59
1,490,3.8637,0.2188,03:38:47
1,500,3.8703,0.0625,09:32:03
1,510,3.8827,0.2188,07:11:19
1,520,4.4597,0.2188,07:58:36
1,530,4.0010,0.1875,00:58:43
1,540,5.1885,0.1562,00:34:47
1,550,4.4447,0.0312,08:51:30
1,560,3.8955,0.0938,09:12:53
1,570,3.5003,0.2500,21:28:02
1,580,3.8111,0.2188,06:30:32
1,590,4.1910,0.1562,23:28:47
1,600,3.7738,0.2500,14:24:13
1,610,3.5974,0.1562,06:22:02
1,620,3.8544,0.1875,08:47:21
1,630,3.7094,0.2188,14:01:55
1,640,4.0173,0.3125,07:24:56
1,650,3.9509,0.2500,06:04:14
1,660,4.1372,0.0938,07:32:16
1,670,4.0796,0.1250,14:35:10
1,680,4.3367,0.0312,13:29:04
1,690,4.0348,0.1562,03:50:56
1,700,4.2903,0.0312,07:40:35
1,710,4.5444,0.0625,03:15:02
1,720,4.3282,0.0938,02:26:24
1,730,3.7798,0.1875,07:47:55
1,740,4.0559,0.0938,06:48:17
1,750,3.9849,0.0625,09:16:15
1,760,3.4105,0.3125,18:36:31
1,770,3.4443,0.2812,00:30:27
1,780,3.9972,0.3125,00:10:20
1,790,3.2570,0.3750,04:06:14
1,800,4.5999,0.0938,21:27:51
1,810,4.2708,0.1562,01:07:56
1,820,3.6860,0.2500,04:03:43
1,830,4.2097,0.1562,01:47:39
1,840,4.1651,0.1250,09:06:44
1,850,4.1732,0.0625,22:03:13
1,860,3.9529,0.2188,07:30:46
1,870,4.3354,0.1250,02:48:48
1,880,4.7612,0.0625,23:42:16
1,890,4.3820,0.0312,07:25:32
1,900,4.1786,0.0938,05:36:21
1,910,4.1752,0.0625,09:22:04
1,920,4.2013,0.1250,05:31:53
1,930,4.1817,0.0625,04:48:24
1,940,4.6461,0.1250,07:20:35
1,950,4.3265,0.2188,08:14:13
1,960,3.8917,0.1875,05:54:42
1,970,4.3631,0.1250,07:12:24
1,980,4.8395,0.1250,08:23:58
1,990,4.6010,0.0938,07:09:04
1,1000,4.7701,0.0000,10:35:38
1,1010,4.6260,0.0000,04:51:09
1,1020,4.4305,0.0938,01:21:41
1,1030,4.2479,0.0000,04:47:35
1,1040,4.3872,0.0312,11:39:06
1,1050,4.2121,0.0000,11:20:39
1,1060,4.1873,0.0938,08:09:57
1,1070,4.1489,0.1250,09:00:54
1,1080,4.4529,0.1250,03:51:54
1,1090,4.2038,0.1250,06:25:28
1,1100,4.5399,0.0938,09:24:09
1,1110,4.5281,0.0938,07:43:29
1,1120,4.2715,0.0625,09:09:01
1,1130,4.4433,0.1875,05:17:28
1,1140,4.0991,0.1250,06:08:23
1,1150,4.0665,0.2812,08:19:56
1,1160,4.7224,0.0000,02:24:31
1,1170,4.8552,0.0625,05:37:33
1,1180,4.8355,0.0625,08:42:12
1,1190,4.5903,0.0312,03:36:22
1,1200,4.6639,0.0312,02:03:53
1,1210,4.5534,0.0938,05:48:33
1,1220,4.8004,0.0000,07:17:47
1,1230,5.0212,0.0312,09:30:17
1,1240,4.5050,0.1250,08:47:58
1,1250,4.5568,0.0000,05:54:54
1,1260,4.2764,0.0312,11:15:51
1,1270,4.4658,0.0312,03:07:09
1,1280,4.2497,0.0625,05:27:13
1,1290,4.2899,0.0625,01:34:41
1,1300,4.9108,0.0000,13:01:08
1,1310,4.8998,0.0625,09:23:12
1,1320,4.6573,0.0000,08:25:09
1,1330,4.6436,0.0312,02:17:47
1,1340,4.4197,0.0000,16:32:15
1,1350,4.3584,0.0625,13:32:38
1,1360,4.6170,0.0312,10:43:49
1,1370,4.3948,0.0938,14:18:37
1,1380,4.4787,0.0625,09:23:00
1,1390,4.2472,0.1875,09:42:28
1,1400,4.1879,0.0938,05:50:12
1,1410,4.2038,0.0625,03:09:19
1,1420,4.2042,0.1250,05:47:58
1,1430,4.3428,0.2188,03:00:02
1,1440,4.1484,0.1562,03:50:37
1,1450,4.4061,0.1250,03:51:09
1,1460,4.3492,0.1875,05:05:00
1,1470,4.5105,0.1250,05:11:10
1,1480,4.3030,0.0938,05:58:07
1,1490,4.5451,0.0312,04:16:51
1,1500,4.4556,0.0625,05:44:01
1,1510,4.5376,0.0000,04:02:34
1,1520,4.6194,0.0312,04:48:48
1,1530,4.5478,0.0312,01:52:41
1,1540,4.5342,0.0312,02:20:36
1,1550,4.4676,0.0312,07:01:48
1,1560,4.7000,0.0625,01:43:23
1,1570,4.4932,0.0312,02:26:32
1,1580,4.5263,0.0000,02:26:21
1,1590,4.3103,0.0312,00:20:03
1,1600,4.5827,0.0938,00:33:08
1,1610,4.3956,0.1562,01:11:03
1,1620,4.2685,0.1562,04:04:37
1,1630,4.6742,0.0000,04:57:46
1,1640,4.5998,0.0625,03:05:55
1,1650,4.5946,0.0000,05:02:41
1,1660,4.7365,0.0312,03:48:38
1,1670,4.7356,0.0625,06:01:25
1,1680,4.2792,0.1250,04:56:34
1,1690,4.6035,0.0000,07:00:34
1,1700,4.4979,0.0000,04:50:34
1,1710,4.3690,0.0625,05:28:40
1,1720,4.7401,0.0000,09:17:25
1,1730,4.4986,0.0625,07:51:29
1,1740,4.8691,0.0625,07:43:32
1,1750,4.7399,0.0625,02:52:56
1,1760,4.6097,0.1250,04:44:48
1,1770,4.6649,0.0312,13:15:24
1,1780,4.8342,0.0000,06:55:40
1,1790,4.5883,0.0312,10:42:17
1,1800,4.7326,0.0000,15:22:06
1,1810,4.7087,0.0312,10:09:24
1,1820,4.6440,0.0625,09:20:00
1,1830,4.6601,0.0000,08:08:58
1,1840,4.6034,0.0000,06:50:46
1,1850,4.6119,0.0000,03:58:02
1,1860,4.6045,0.0000,09:10:41
1,1870,4.5984,0.0000,02:58:32
1,1880,4.6150,0.0000,04:37:03
1,1890,4.5693,0.0000,04:27:27
1,1900,4.6515,0.0000,04:07:21
1,1910,4.5661,0.0312,08:58:20
1,1920,4.6616,0.0000,03:27:33
1,1930,4.7466,0.0000,04:09:30
1,1940,4.8085,0.0000,18:08:21
1,1950,4.6563,0.0000,07:47:15
1,1960,4.5822,0.0000,02:41:04
1,1970,4.6407,0.0000,05:12:14
1,1980,4.6949,0.0000,06:39:42
1,1990,4.7720,0.0000,09:26:23
1,2000,4.8110,0.0000,05:41:05
1,2010,4.7100,0.0000,05:33:24
1,2020,4.6429,0.0000,04:50:14
1,2030,4.6289,0.0000,05:40:57
1,2040,4.6583,0.0000,03:55:12
1,2050,4.6348,0.0000,04:09:14
1,2060,4.4700,0.0000,06:46:26
1,2070,4.2773,0.0000,06:17:32
1,2080,4.2585,0.1250,06:22:45
1,2090,4.5900,0.0625,11:23:04
1,2100,4.4286,0.1562,04:34:37
1,2110,4.3481,0.1250,07:54:31
1,2120,4.7110,0.0938,06:40:27
1,2130,4.8193,0.0312,02:44:02
1,2140,4.8210,0.0312,10:19:20
1,2150,4.6867,0.0312,07:42:23
1,2160,4.7742,0.0000,04:47:43
1,2170,4.6532,0.0312,08:20:16
1,2180,4.7346,0.0000,05:21:31
1,2190,4.7562,0.0000,06:49:18
1,2200,4.8202,0.0000,07:38:51
1,2210,4.7991,0.0000,09:06:32
1,2220,4.7252,0.0000,09:40:41
1,2230,4.7101,0.0000,07:18:53
1,2240,4.7168,0.0000,07:06:27
1,2250,4.7839,0.0000,09:51:34
1,2260,4.7908,0.0000,04:17:32
1,2270,4.7453,0.0000,05:09:08
1,2280,4.7308,0.0000,08:51:20
1,2290,4.7127,0.0000,05:57:11
1,2300,4.7323,0.0000,07:34:42
1,2310,4.7409,0.0000,10:42:15
1,2320,4.7531,0.0000,07:49:07
1,2330,4.7450,0.0000,07:00:05
1,2340,4.7399,0.0000,09:14:28
1,2350,4.7201,0.0000,04:15:46
1,2360,4.7031,0.0000,04:34:45
Epoch 1, Average Loss: 4.3007, Average Accuracy: 0.1688 (16.88%), Validation Accuracy: 0.0082
2,0,4.5534,0.0000,07:53:17
2,10,4.5445,0.0625,07:09:32
2,20,4.5158,0.0625,01:28:54
2,30,4.4584,0.1875,05:17:03
2,40,4.3889,0.2812,00:10:53
2,50,4.2852,0.1875,23:02:01
2,60,3.9968,0.2812,22:26:46
2,70,3.8177,0.2188,03:28:55
2,80,3.7854,0.1250,01:31:51
2,90,3.7586,0.1875,21:41:34
2,100,3.6919,0.2812,02:32:17
2,110,3.0617,0.2188,01:33:15
2,120,2.6825,0.4688,04:48:43
2,130,2.3714,0.3125,00:45:02
2,140,2.6130,0.3438,21:58:16
2,150,2.2786,0.3438,04:58:33
2,160,2.7208,0.3750,00:19:38
2,170,2.3074,0.4688,02:40:45
2,180,2.6757,0.4062,21:45:50
2,190,2.7843,0.4062,03:48:44
2,200,2.9609,0.1875,00:44:53
2,210,2.5845,0.1875,08:27:55
2,220,3.0498,0.3750,06:47:45
2,230,2.8291,0.2188,02:06:36
2,240,3.0765,0.1562,03:36:19
2,250,3.1978,0.0938,05:03:45
2,260,2.7779,0.2812,10:20:17
2,270,2.2523,0.3438,04:11:48
2,280,2.2425,0.3438,05:22:27
2,290,3.2522,0.2188,14:34:01
2,300,2.8473,0.2500,04:31:46
2,310,3.0316,0.2500,07:08:18
2,320,2.9336,0.2500,11:52:00
2,330,2.8532,0.2500,04:36:09
2,340,2.5205,0.4375,06:02:47
2,350,2.6602,0.1562,05:09:11
2,360,2.8345,0.2500,06:46:48
2,370,2.7326,0.2500,04:26:44
2,380,3.0458,0.2812,03:17:17
2,390,2.4095,0.4375,03:07:10
2,400,2.8132,0.2500,02:36:54
2,410,2.5327,0.3125,03:29:00
2,420,2.5965,0.3438,08:05:07
2,430,2.8630,0.2188,09:02:46
2,440,2.4416,0.3438,04:43:31
2,450,1.9639,0.4688,13:39:23
2,460,2.5598,0.2188,07:24:51
2,470,2.5970,0.3750,05:49:21
2,480,2.5656,0.3125,08:26:51
2,490,2.8693,0.2188,10:49:58
2,500,2.8840,0.1875,12:59:15
2,510,2.9060,0.3125,02:53:48
2,520,3.0251,0.4062,05:03:11
2,530,2.9456,0.1562,06:58:44
2,540,2.9614,0.1875,05:48:02
2,550,2.9957,0.2188,06:31:14
2,560,2.6344,0.3750,10:14:00
2,570,2.8516,0.2500,10:39:20
2,580,2.4848,0.3125,05:31:03
2,590,3.0384,0.2500,05:35:50
2,600,2.6738,0.2812,06:47:29
2,610,2.4978,0.1250,05:21:54
2,620,2.7194,0.2188,07:52:42
2,630,2.8498,0.1562,06:27:26
2,640,3.1791,0.1875,06:47:57
2,650,2.8334,0.1562,14:26:10
2,660,3.2874,0.0625,01:06:26
2,670,2.7073,0.3750,10:25:42
2,680,3.0321,0.2500,06:35:49
2,690,2.8014,0.2500,06:59:51
2,700,2.5208,0.1875,06:15:29
2,710,3.1755,0.3438,07:46:30
2,720,3.3228,0.1875,07:39:44
2,730,2.8348,0.3125,07:21:07
2,740,2.9450,0.0312,01:26:33
2,750,2.5456,0.2500,02:46:18
2,760,1.7539,0.5625,06:17:26
2,770,2.7154,0.4062,02:18:00
2,780,2.8636,0.3750,05:08:07
2,790,2.5364,0.4062,03:22:34
2,800,3.2451,0.4375,07:17:39
2,810,3.9020,0.1875,02:21:54
2,820,2.9404,0.3125,03:45:05
2,830,2.9469,0.2500,04:44:25
2,840,3.0825,0.1250,04:57:29
2,850,3.3445,0.1250,07:23:23
2,860,2.5754,0.2500,04:05:57
2,870,3.3787,0.1562,04:11:07
2,880,3.5885,0.0938,06:10:17
2,890,3.0822,0.0625,04:27:24
2,900,2.9467,0.2188,05:50:41
2,910,2.8671,0.2812,04:11:08
2,920,2.8157,0.3125,04:23:56
2,930,2.6783,0.3750,03:29:11
2,940,2.6323,0.4062,03:40:04
2,950,2.9876,0.2812,04:13:20
2,960,3.9678,0.1250,04:33:40
2,970,3.0104,0.2500,03:26:49
2,980,3.5658,0.1562,03:46:39
2,990,3.2421,0.2188,04:24:43
2,1000,3.2898,0.1250,02:50:44
2,1010,3.5776,0.3125,04:51:53
2,1020,3.1576,0.2500,01:24:17
2,1030,2.9887,0.1875,03:54:59
2,1040,3.2210,0.1250,03:20:35
2,1050,2.8293,0.4688,05:34:47
2,1060,2.8817,0.3125,04:32:29
2,1070,3.7771,0.1250,03:44:56
2,1080,3.1793,0.2188,06:35:15
2,1090,2.7266,0.4375,06:12:55
2,1100,3.1659,0.3438,05:36:58
2,1110,3.1496,0.4062,07:28:09
2,1120,3.8579,0.1875,09:48:14
2,1130,3.2607,0.1875,08:02:05
2,1140,2.9164,0.3438,04:48:59
2,1150,2.8359,0.3125,01:02:06
2,1160,3.2902,0.2500,07:09:55
2,1170,3.9197,0.1250,05:52:23
2,1180,3.3909,0.1875,02:00:40
2,1190,3.4785,0.2188,02:15:44
2,1200,3.4344,0.2500,05:06:41
2,1210,3.1510,0.1875,02:06:16
2,1220,3.3140,0.3438,07:21:21
2,1230,3.5580,0.2500,10:21:07
2,1240,3.8498,0.0938,06:50:21
2,1250,2.9209,0.3438,06:37:23
2,1260,2.8343,0.2812,07:19:44
2,1270,3.4234,0.1875,05:41:11
2,1280,3.2092,0.1875,07:25:57
2,1290,3.5543,0.2812,08:52:37
2,1300,4.0239,0.1875,09:54:18
2,1310,3.6105,0.2188,08:32:59
2,1320,3.8316,0.1250,05:31:13
2,1330,3.6585,0.1250,05:57:23
2,1340,3.5502,0.1562,03:09:16
2,1350,3.0934,0.2188,07:41:46
2,1360,3.5501,0.1875,06:47:16
2,1370,3.8583,0.1562,04:21:23
2,1380,3.9561,0.1562,03:40:42
2,1390,3.3972,0.1562,07:16:09
2,1400,2.9626,0.3125,08:55:39
2,1410,2.8555,0.3750,05:05:46
2,1420,3.0073,0.2812,07:01:29
2,1430,3.5974,0.1562,10:05:51
2,1440,4.0499,0.0312,05:16:37
2,1450,3.5865,0.0938,09:03:39
2,1460,3.6535,0.1875,14:03:29
2,1470,3.7752,0.0938,06:20:09
2,1480,3.6396,0.2500,11:46:37
2,1490,3.9046,0.0938,04:55:29
2,1500,3.2354,0.2812,05:14:48
2,1510,3.6929,0.2188,04:50:22
2,1520,3.5395,0.2188,03:50:41
2,1530,4.1934,0.0938,23:35:50
2,1540,4.0239,0.1562,21:25:17
2,1550,3.6150,0.3438,03:03:41
2,1560,3.5088,0.2500,04:04:05
2,1570,3.3781,0.3125,11:31:12
2,1580,3.2832,0.1562,02:51:20
2,1590,2.9958,0.2500,08:10:35
2,1600,3.3468,0.2812,12:56:49
2,1610,4.0191,0.2188,12:14:58
2,1620,3.6904,0.1562,02:19:54
2,1630,3.7794,0.0938,01:14:48
2,1640,3.4824,0.1562,00:21:15
2,1650,3.8794,0.2812,01:51:26
2,1660,3.3138,0.3750,21:38:45
2,1670,4.1225,0.1875,00:53:40
2,1680,3.8682,0.1562,22:51:55
2,1690,3.7785,0.1875,20:03:45
2,1700,3.1629,0.2188,01:44:05
2,1710,3.6797,0.0938,01:44:20
2,1720,3.7403,0.1562,00:05:31
2,1730,3.9536,0.2500,20:10:03
2,1740,4.1123,0.1562,06:16:30
2,1750,4.3680,0.0312,20:42:48
2,1760,4.1509,0.1250,23:07:48
2,1770,3.6642,0.0938,00:19:54
2,1780,3.9159,0.1250,21:24:19
2,1790,3.6826,0.1875,00:53:04
2,1800,4.3785,0.1562,06:34:50
2,1810,4.1937,0.1875,05:01:36
2,1820,4.8209,0.0625,08:45:39
2,1830,4.5704,0.0938,06:27:20
2,1840,4.3895,0.0938,00:58:38
2,1850,4.1774,0.0625,04:49:30
2,1860,4.0598,0.0625,03:04:17
2,1870,4.0739,0.0938,01:28:34
2,1880,4.6247,0.0000,01:42:53
2,1890,4.0417,0.1250,02:33:29
2,1900,4.2772,0.0312,05:19:24
2,1910,4.2035,0.0312,01:23:50
2,1920,4.0973,0.0000,06:06:24
2,1930,3.9214,0.0000,03:08:33
2,1940,4.4644,0.0312,05:32:54
2,1950,4.0735,0.0938,00:59:33
2,1960,4.0197,0.0312,02:19:22
2,1970,3.9902,0.0938,09:40:38
2,1980,3.7401,0.2188,04:27:31
2,1990,3.8358,0.1562,04:32:17
2,2000,4.2905,0.0625,11:09:23
2,2010,4.1611,0.0938,11:49:53
2,2020,3.9171,0.1562,02:31:35
2,2030,4.0895,0.1562,10:19:14
2,2040,4.0164,0.0938,07:30:36
2,2050,3.7473,0.0938,03:57:42
2,2060,3.5557,0.1250,00:16:51
2,2070,3.4224,0.1875,08:22:43
2,2080,3.6691,0.1250,03:11:26
2,2090,3.8512,0.1562,01:32:36
2,2100,3.8000,0.2188,04:08:52
2,2110,3.5940,0.2188,01:22:32
2,2120,3.8131,0.1250,00:21:25
2,2130,3.7373,0.2188,11:03:23
2,2140,4.0506,0.1250,02:41:52
2,2150,3.9457,0.1250,03:09:19
2,2160,4.4778,0.0938,08:00:05
2,2170,4.4561,0.0625,07:53:54
2,2180,4.5006,0.0312,10:15:07
2,2190,5.0358,0.0000,05:51:04
2,2200,4.6262,0.0312,10:57:06
2,2210,4.5795,0.0938,02:03:18
2,2220,4.5231,0.0312,03:45:38
2,2230,4.5651,0.0000,05:14:50
2,2240,4.6070,0.0625,04:27:51
2,2250,4.8790,0.0000,04:15:08
2,2260,4.8503,0.0000,01:55:58
2,2270,4.7652,0.0000,09:24:36
2,2280,4.6864,0.0000,05:11:09
2,2290,4.6803,0.0000,02:47:29
2,2300,4.6925,0.0000,02:11:40
2,2310,4.6624,0.0000,08:04:39
2,2320,4.6168,0.0000,09:17:31
2,2330,4.7052,0.0000,08:27:34
2,2340,4.6853,0.0000,02:29:39
2,2350,4.6888,0.0000,23:48:04
2,2360,4.6234,0.0000,21:51:53
Epoch 2, Average Loss: 3.5079, Average Accuracy: 0.2053 (20.53%), Validation Accuracy: 0.0111
3,0,4.5986,0.0000,18:20:57
3,10,4.5615,0.0000,03:27:12
3,20,4.2714,0.0000,06:38:03
3,30,3.8694,0.0625,05:01:30
3,40,3.7188,0.3438,01:30:26
3,50,3.2233,0.5625,01:41:47
3,60,3.0733,0.3125,03:41:47
3,70,3.8111,0.1562,03:35:42
3,80,3.8936,0.1875,02:04:49
3,90,3.6046,0.2188,12:09:59
3,100,3.0508,0.2812,04:45:25
3,110,3.1488,0.1562,10:12:10
3,120,2.9623,0.2188,04:49:44
3,130,2.7464,0.2188,08:55:59
3,140,2.7617,0.3438,00:03:44
3,150,2.5572,0.1875,06:04:59
3,160,2.5484,0.2500,03:12:46
3,170,2.6573,0.3125,02:03:31
3,180,2.8810,0.2188,02:45:15
3,190,2.6281,0.3438,01:28:58
3,200,2.7630,0.1562,04:24:18
3,210,3.0878,0.0000,10:48:00
3,220,2.7024,0.3125,02:18:37
3,230,2.8020,0.2188,05:13:14
3,240,2.4795,0.2500,23:24:57
3,250,2.7532,0.1250,07:56:26
3,260,2.6560,0.3125,04:46:10
3,270,2.8551,0.2812,05:04:49
3,280,2.5068,0.2188,00:26:17
3,290,2.1877,0.4375,01:57:07
3,300,2.4780,0.5000,02:08:35
3,310,2.6867,0.2812,04:09:39
3,320,2.5800,0.1875,04:37:53
3,330,2.6680,0.2500,01:28:41
3,340,2.0457,0.4375,10:18:40
3,350,2.7612,0.2812,01:42:08
3,360,2.6672,0.2812,07:49:30
3,370,2.8004,0.1250,04:14:44
3,380,2.8693,0.1875,12:45:08
3,390,2.2247,0.3125,05:23:42
3,400,2.1889,0.3750,10:30:46
3,410,2.6788,0.2500,04:49:33
3,420,2.2516,0.4062,23:32:04
3,430,2.3989,0.3750,04:14:27
3,440,2.0419,0.3438,07:13:24
3,450,2.1168,0.3750,05:44:35
3,460,2.4494,0.2188,02:58:24
3,470,2.6976,0.3750,05:31:13
3,480,2.3681,0.3125,09:47:19
3,490,2.4439,0.2812,06:55:44
3,500,2.6047,0.3125,01:58:52
3,510,2.5885,0.1250,09:50:44
3,520,2.2706,0.3125,01:26:00
3,530,2.6090,0.1250,09:55:50
3,540,2.7530,0.2500,10:14:41
3,550,2.7509,0.3125,02:53:04
3,560,2.4061,0.3125,04:54:45
3,570,2.4444,0.3125,11:08:04
3,580,1.9755,0.5312,06:15:10
3,590,2.4304,0.4062,11:22:26
3,600,2.8452,0.1562,09:36:33
3,610,2.8751,0.1875,18:00:04
3,620,2.4926,0.2812,05:27:36
3,630,2.6998,0.2500,02:41:44
3,640,2.6058,0.3125,05:21:45
3,650,3.1297,0.0625,05:07:27
3,660,2.6236,0.0938,10:18:35
3,670,2.9203,0.1562,05:35:13
3,680,2.6532,0.3438,11:07:51
3,690,2.5472,0.2188,07:30:22
3,700,2.7099,0.2188,07:24:42
3,710,2.9168,0.2812,09:35:20
3,720,2.9928,0.1562,07:26:38
3,730,2.7190,0.2500,08:01:22
3,740,2.1376,0.3438,04:52:40
3,750,2.1333,0.3750,07:04:21
3,760,2.0353,0.3125,05:34:02
3,770,1.7945,0.5000,06:59:13
3,780,2.3004,0.4062,04:44:55
3,790,2.1919,0.5000,06:49:01
3,800,2.2420,0.5000,03:05:15
3,810,2.6839,0.3125,02:31:19
3,820,2.6014,0.2188,00:26:43
3,830,2.5513,0.2500,01:59:14
3,840,2.8806,0.2500,02:07:30
3,850,2.9057,0.1250,01:27:56
3,860,2.9766,0.1562,02:27:16
3,870,3.2083,0.1250,02:14:33
3,880,3.2014,0.1250,00:41:50
3,890,2.9287,0.2188,00:46:23
3,900,2.5961,0.2812,00:28:13
3,910,2.3625,0.4062,00:03:47
3,920,2.6435,0.3125,00:41:53
3,930,2.5571,0.2188,00:29:41
3,940,3.3082,0.2812,00:53:08
3,950,2.6545,0.2812,02:09:20
3,960,2.7430,0.3125,00:27:27
3,970,2.8110,0.3125,01:52:49
3,980,2.8483,0.2812,02:28:26
3,990,2.9719,0.2188,00:29:11
3,1000,2.9635,0.1875,03:03:51
3,1010,2.6745,0.2500,00:38:47
3,1020,2.5964,0.2188,01:29:16
3,1030,2.8654,0.3438,00:42:23
3,1040,2.7811,0.2500,00:41:44
3,1050,2.5522,0.1875,00:52:57
3,1060,2.6103,0.4062,01:18:53
3,1070,2.4546,0.2500,04:01:10
3,1080,2.5861,0.2500,01:48:13
3,1090,2.6438,0.3750,01:21:21
3,1100,2.7443,0.1875,04:31:42
3,1110,2.7622,0.3125,00:01:51
3,1120,3.5831,0.1875,02:27:56
3,1130,2.9972,0.3438,22:57:00
3,1140,2.5064,0.3750,01:14:34
3,1150,3.2755,0.2188,23:59:59
3,1160,2.9162,0.1250,01:45:01
3,1170,3.0910,0.1875,01:35:28
3,1180,2.3954,0.3750,02:11:10
3,1190,2.6064,0.3125,00:32:52
3,1200,2.6820,0.4062,01:03:28
3,1210,2.6377,0.2500,00:50:16
3,1220,2.1199,0.5000,01:59:17
3,1230,3.0374,0.2188,02:00:13
3,1240,2.9113,0.2188,23:56:22
3,1250,2.9447,0.0625,02:28:05
3,1260,2.2410,0.2188,01:09:46
3,1270,2.8023,0.3125,00:24:08
3,1280,2.7907,0.2188,01:06:06
3,1290,3.3883,0.1562,00:26:31
3,1300,3.3278,0.1875,00:07:14
3,1310,3.2983,0.2188,22:55:11
3,1320,2.9654,0.1562,00:32:59
3,1330,2.7588,0.3125,00:45:21
3,1340,2.5388,0.4062,01:13:37
3,1350,2.5995,0.2188,23:19:01
3,1360,3.1150,0.3750,00:40:56
3,1370,4.1181,0.0625,23:15:31
3,1380,3.1110,0.1562,22:00:48
3,1390,2.7310,0.3125,01:07:43
3,1400,2.5175,0.2188,00:53:49
3,1410,2.9787,0.2188,23:14:32
3,1420,2.4944,0.2812,00:34:45
3,1430,3.1124,0.0625,00:51:53
3,1440,2.9326,0.2188,00:59:54
3,1450,3.0058,0.2188,01:06:23
3,1460,3.1153,0.1562,21:57:49
3,1470,2.8705,0.2812,22:49:44
3,1480,2.8369,0.3750,02:32:54
3,1490,2.6574,0.1562,22:32:04
3,1500,3.3578,0.2188,02:47:23
3,1510,3.3400,0.1562,00:38:44
3,1520,3.3645,0.1875,22:25:43
3,1530,3.2648,0.1875,00:30:30
3,1540,3.4027,0.2188,00:05:56
3,1550,3.5614,0.2500,00:00:41
3,1560,3.3907,0.1562,23:56:13
3,1570,3.0252,0.3438,22:24:15
3,1580,3.0723,0.1875,23:59:23
3,1590,2.8630,0.2500,01:09:03
3,1600,3.1882,0.2188,23:55:10
3,1610,2.3660,0.2500,02:11:36
3,1620,2.7707,0.2812,01:12:15
3,1630,2.2884,0.3750,01:04:12
3,1640,3.3047,0.2188,00:31:01
3,1650,3.2650,0.2500,00:10:21
3,1660,3.6341,0.0938,02:08:48
3,1670,2.3676,0.3125,01:31:32
3,1680,2.5532,0.2188,01:05:59
3,1690,3.0467,0.1250,02:29:24
3,1700,2.1343,0.4375,00:51:33
3,1710,2.5604,0.4062,01:18:52
3,1720,3.1543,0.2500,03:46:55
3,1730,3.0757,0.2500,00:30:14
3,1740,3.1021,0.1875,02:04:53
3,1750,3.1687,0.1562,22:35:28
3,1760,2.7063,0.3750,01:02:49
3,1770,2.4277,0.4375,01:52:07
3,1780,3.1324,0.2812,00:53:15
3,1790,2.6463,0.4375,23:38:19
3,1800,2.7919,0.2500,01:10:27
3,1810,3.9550,0.1875,23:45:34
3,1820,3.8879,0.1875,23:05:00
3,1830,3.8847,0.1562,01:40:59
3,1840,3.4610,0.0938,03:43:26
3,1850,3.2598,0.1562,03:08:16
3,1860,3.2843,0.2500,00:47:10
3,1870,2.7021,0.2500,01:30:57
3,1880,3.1441,0.1875,00:27:36
3,1890,3.1000,0.2188,07:08:47
3,1900,3.4945,0.2500,04:42:32
3,1910,3.0179,0.1875,05:30:57
3,1920,3.0123,0.3438,23:51:52
3,1930,3.2716,0.2812,01:22:28
3,1940,4.1618,0.0312,03:55:12
3,1950,3.1876,0.2500,00:45:39
3,1960,3.2786,0.0625,01:26:15
3,1970,2.7776,0.3750,01:05:31
3,1980,3.0862,0.2500,00:13:34
3,1990,3.3126,0.1875,00:24:38
3,2000,3.0768,0.2188,01:05:40
3,2010,2.9602,0.1562,23:39:34
3,2020,3.1535,0.1250,02:25:12
3,2030,3.0524,0.1875,01:47:16
3,2040,2.8880,0.0625,00:40:52
3,2050,2.3723,0.4375,01:41:38
3,2060,3.0002,0.2812,00:05:17
3,2070,2.8482,0.3438,01:34:13
3,2080,3.3452,0.1875,23:21:42
3,2090,3.2387,0.2500,01:50:48
3,2100,3.4604,0.1875,01:38:03
3,2110,3.4877,0.0625,00:47:23
3,2120,3.5667,0.1250,01:27:50
3,2130,3.4603,0.1875,23:53:25
3,2140,3.1748,0.1875,00:29:23
3,2150,3.5322,0.3125,02:55:26
3,2160,3.8761,0.0625,02:18:39
3,2170,3.8668,0.0312,00:53:10
3,2180,3.5854,0.1562,23:20:28
3,2190,3.8600,0.1250,01:25:21
3,2200,3.9162,0.0938,00:19:09
3,2210,3.8821,0.1562,00:54:33
3,2220,3.8061,0.0625,23:41:43
3,2230,3.8949,0.1875,00:55:01
3,2240,4.1047,0.1562,00:12:51
3,2250,4.1798,0.1250,01:04:05
3,2260,4.1661,0.1250,22:08:46
3,2270,4.2136,0.0625,01:47:30
3,2280,4.2104,0.0625,00:06:16
3,2290,4.2090,0.0938,01:08:59
3,2300,4.4288,0.0000,02:38:37
3,2310,4.4762,0.0000,01:53:40
3,2320,4.6033,0.0000,10:04:25
3,2330,4.3509,0.0625,00:38:32
3,2340,4.1576,0.0312,10:39:23
3,2350,4.1450,0.0312,23:34:06
3,2360,3.7480,0.1562,23:09:44
Epoch 3, Average Loss: 2.9677, Average Accuracy: 0.2225 (22.25%), Validation Accuracy: 0.0110
