Epoch,Step,Loss,Accuracy,Validation Accuracy
1,0,4.5026,0.0312,04:47:36
1,10,4.2074,0.4062,23:01:58
1,20,3.8855,0.5312,01:46:35
1,30,3.7092,0.4688,02:30:46
1,40,3.8094,0.2812,03:56:20
1,50,3.3723,0.2500,03:32:12
1,60,3.4316,0.3438,04:55:21
1,70,3.5895,0.1875,00:23:52
1,80,3.5505,0.2500,02:46:27
1,90,3.9902,0.1562,02:04:51
1,100,3.9110,0.1250,03:11:33
1,110,4.1418,0.1250,07:06:18
1,120,3.9162,0.1250,08:03:47
1,130,3.7328,0.2812,06:55:23
1,140,3.7152,0.1562,07:15:31
1,150,3.3972,0.3125,07:46:16
1,160,3.3774,0.2188,03:09:06
1,170,3.3398,0.3125,10:15:30
1,180,3.3802,0.2500,07:39:22
1,190,3.6757,0.1875,05:27:49
1,200,4.3458,0.0000,11:59:56
1,210,3.6004,0.1250,08:40:22
1,220,4.2506,0.1250,08:51:07
1,230,3.7646,0.0938,07:45:07
1,240,4.4561,0.1250,12:17:49
1,250,4.2487,0.1250,06:13:14
1,260,4.1716,0.0625,09:55:16
1,270,4.0773,0.1562,08:01:59
1,280,3.5036,0.2188,04:31:53
1,290,3.7104,0.2500,02:15:47
1,300,3.6034,0.2188,04:16:53
1,310,3.7350,0.2812,04:10:21
1,320,3.9160,0.1875,04:11:49
1,330,3.8037,0.2188,04:46:42
1,340,3.7981,0.0625,03:55:48
1,350,3.4987,0.2500,02:30:48
1,360,3.9165,0.1562,03:14:14
1,370,3.8871,0.1250,04:40:25
1,380,4.1423,0.1562,03:43:22
1,390,3.8538,0.0938,04:18:15
1,400,4.0050,0.2500,03:41:51
1,410,3.5877,0.1562,02:52:31
1,420,3.9367,0.1562,03:44:58
1,430,4.1810,0.1562,02:59:42
1,440,4.0566,0.1562,03:07:17
1,450,4.2287,0.0938,03:45:06
1,460,4.1271,0.1875,05:27:59
1,470,3.5384,0.2188,01:51:59
1,480,3.9977,0.2188,02:23:48
1,490,4.5062,0.1562,03:34:12
1,500,4.4447,0.1562,02:27:56
1,510,4.3221,0.0938,03:32:30
1,520,4.0829,0.1562,03:37:09
1,530,4.1581,0.1562,02:43:54
1,540,4.1297,0.0938,02:33:38
1,550,4.1574,0.0312,03:21:48
1,560,3.1821,0.4062,03:30:50
1,570,3.4139,0.3125,03:41:03
1,580,3.8429,0.2188,02:15:29
1,590,4.2152,0.2188,02:43:04
1,600,4.4506,0.1250,04:19:57
1,610,4.4523,0.1562,07:34:36
1,620,4.3516,0.2188,04:51:25
1,630,4.1589,0.1250,01:48:45
1,640,4.3453,0.0000,03:33:08
1,650,4.2909,0.0312,01:52:42
1,660,4.6860,0.1250,03:29:17
1,670,4.3488,0.0312,03:48:27
1,680,4.4901,0.1250,05:44:52
1,690,4.5654,0.0312,02:18:56
1,700,4.5794,0.0625,03:18:43
1,710,4.7201,0.0000,03:01:56
1,720,4.5215,0.0312,01:32:30
1,730,4.9097,0.0000,01:42:59
1,740,4.5264,0.0312,01:46:50
1,750,4.4730,0.0000,03:28:46
1,760,4.3727,0.0938,03:48:42
1,770,4.4161,0.0312,03:24:20
1,780,4.2391,0.1250,03:25:25
1,790,4.2169,0.2188,03:15:34
1,800,4.1222,0.3125,03:39:01
1,810,4.0550,0.1562,02:54:56
1,820,4.1835,0.0938,01:31:58
1,830,4.1371,0.1250,03:23:30
1,840,4.3626,0.0938,03:14:27
1,850,4.5396,0.0312,04:18:29
1,860,4.5926,0.0312,03:27:27
1,870,4.4815,0.0625,03:30:48
1,880,4.5289,0.0312,03:07:33
1,890,4.3691,0.0938,03:18:46
1,900,4.3271,0.0938,03:16:33
1,910,4.3001,0.0625,02:27:47
1,920,4.1745,0.2500,03:52:42
1,930,3.8394,0.2188,03:11:15
1,940,4.0753,0.0625,03:27:43
1,950,3.8354,0.1875,03:12:11
1,960,3.8563,0.2500,02:12:50
1,970,4.3260,0.0938,04:28:28
1,980,4.3828,0.0938,03:15:56
1,990,4.6571,0.0938,01:31:15
1,1000,4.5232,0.0938,02:22:15
1,1010,4.3614,0.0000,12:26:09
1,1020,4.6426,0.0000,06:05:37
1,1030,4.5176,0.0000,05:48:10
1,1040,4.3840,0.0312,06:52:26
1,1050,4.1975,0.0938,11:51:49
1,1060,4.1694,0.1875,06:39:53
1,1070,3.7549,0.2188,11:03:01
1,1080,4.1118,0.1562,06:29:45
1,1090,4.1647,0.2500,11:34:00
1,1100,4.1064,0.1562,05:36:29
1,1110,3.8987,0.2188,11:24:53
1,1120,4.3898,0.0625,06:19:42
1,1130,4.2912,0.0312,08:21:05
1,1140,4.0957,0.1875,09:55:17
1,1150,4.6391,0.0938,05:32:10
1,1160,4.4185,0.0312,03:48:00
1,1170,4.7921,0.0938,13:37:42
1,1180,4.8023,0.0312,06:03:21
1,1190,4.8175,0.0000,08:21:02
1,1200,4.7252,0.0312,15:27:04
1,1210,4.8031,0.0312,04:38:17
1,1220,4.6933,0.0000,14:03:59
1,1230,4.6551,0.0000,04:40:50
1,1240,4.5267,0.0000,03:52:34
1,1250,4.5623,0.0625,11:12:42
1,1260,4.5024,0.0312,09:40:22
1,1270,4.4639,0.0000,12:18:44
1,1280,4.3242,0.0312,08:55:52
1,1290,4.3626,0.0625,07:04:29
1,1300,4.4965,0.0938,03:56:30
1,1310,4.3566,0.1250,08:29:21
1,1320,4.6051,0.2188,07:07:56
1,1330,4.8623,0.0000,05:12:46
1,1340,4.3658,0.1250,07:59:47
1,1350,4.6283,0.0000,07:14:22
1,1360,4.6761,0.0938,09:54:26
1,1370,4.5582,0.0312,06:55:43
1,1380,4.5721,0.0000,10:55:21
1,1390,4.4557,0.0312,06:50:44
1,1400,4.3307,0.0625,03:32:20
1,1410,4.3983,0.0312,07:27:01
1,1420,4.5096,0.0938,09:11:38
1,1430,4.5918,0.0312,09:56:03
1,1440,4.4993,0.0000,10:26:25
1,1450,4.3450,0.0625,07:46:57
1,1460,4.6221,0.0000,12:34:23
1,1470,4.4657,0.0000,05:27:37
1,1480,4.4826,0.1250,11:40:32
1,1490,4.7011,0.1250,07:42:09
1,1500,4.5114,0.1250,03:30:56
1,1510,4.7017,0.0938,06:28:55
1,1520,4.6097,0.0312,09:44:06
1,1530,4.7959,0.0000,08:44:39
1,1540,4.5549,0.0625,13:24:00
1,1550,4.6311,0.0625,04:07:12
1,1560,4.5600,0.0000,03:42:19
1,1570,4.7220,0.0000,09:33:15
1,1580,4.5582,0.0000,03:47:42
1,1590,4.7167,0.0000,12:47:58
1,1600,4.6707,0.0000,04:09:28
1,1610,4.5149,0.0312,06:44:14
1,1620,4.5568,0.0000,04:44:47
1,1630,4.4960,0.0000,11:01:30
1,1640,4.6290,0.0312,09:05:39
1,1650,4.9212,0.0000,06:49:40
1,1660,4.6325,0.0312,06:56:13
1,1670,4.6522,0.0312,10:42:21
1,1680,4.5693,0.0000,07:29:56
1,1690,4.7008,0.0000,08:10:38
1,1700,4.5276,0.0000,11:28:25
1,1710,4.6552,0.0000,13:17:54
1,1720,4.6980,0.0312,10:05:48
1,1730,4.4983,0.0000,04:36:39
1,1740,4.6399,0.0000,08:53:06
1,1750,4.5660,0.0312,08:45:46
1,1760,4.7875,0.0000,03:29:50
1,1770,4.6524,0.0000,07:20:12
1,1780,4.6457,0.0000,08:58:59
1,1790,4.7275,0.0000,08:30:34
1,1800,4.6450,0.0000,08:21:00
1,1810,4.6524,0.0000,04:15:13
1,1820,4.6258,0.0000,06:49:51
1,1830,4.5575,0.0000,05:35:06
1,1840,4.6247,0.0000,08:48:52
1,1850,4.7151,0.0000,12:34:37
1,1860,4.6661,0.0000,08:52:21
1,1870,4.6902,0.0000,04:17:03
1,1880,4.6155,0.0000,08:57:34
1,1890,4.6281,0.0000,05:11:03
1,1900,4.7643,0.0000,01:04:26
1,1910,4.5874,0.0312,02:07:17
1,1920,4.7382,0.0000,00:56:59
1,1930,4.7268,0.0312,06:03:46
1,1940,4.6989,0.0000,04:08:21
1,1950,4.7264,0.0000,05:05:30
1,1960,4.7280,0.0000,02:56:46
1,1970,4.6163,0.0000,04:00:09
1,1980,4.6240,0.0000,01:49:19
1,1990,4.6055,0.0000,22:57:29
1,2000,4.6017,0.0000,23:23:38
1,2010,4.5980,0.0000,23:02:00
1,2020,4.6914,0.0000,06:27:31
1,2030,4.8466,0.0000,22:06:51
1,2040,4.6308,0.0000,05:35:31
1,2050,4.6405,0.0000,07:59:52
1,2060,4.5832,0.0000,00:47:03
1,2070,4.6378,0.0000,04:58:02
1,2080,4.6626,0.0000,02:11:49
1,2090,4.6809,0.0000,05:43:51
1,2100,4.7289,0.0000,05:01:34
1,2110,4.7179,0.0000,07:23:42
1,2120,4.7817,0.0000,07:10:59
1,2130,4.7297,0.0000,13:53:31
1,2140,4.7351,0.0000,10:29:43
1,2150,4.7372,0.0000,09:21:28
1,2160,4.7488,0.0000,07:15:49
1,2170,4.7297,0.0000,06:09:44
1,2180,4.6870,0.0000,06:31:16
1,2190,4.7462,0.0000,06:52:48
1,2200,4.7291,0.0000,07:35:37
1,2210,4.7550,0.0000,08:26:44
1,2220,4.7346,0.0000,06:18:23
1,2230,4.7322,0.0000,12:46:17
1,2240,4.7250,0.0000,05:14:54
1,2250,4.7297,0.0000,07:46:32
1,2260,4.7156,0.0000,05:05:33
1,2270,4.7062,0.0000,11:32:34
1,2280,4.7498,0.0000,01:48:00
1,2290,4.7483,0.0000,05:29:32
1,2300,4.7627,0.0000,15:12:15
1,2310,4.7511,0.0000,06:42:45
1,2320,4.7312,0.0000,02:41:49
1,2330,4.7251,0.0000,04:55:41
1,2340,4.7173,0.0000,06:09:25
1,2350,4.7158,0.0000,04:31:44
1,2360,4.7053,0.0000,09:13:15
Epoch 1, Average Loss: 4.3809, Validation Accuracy: 0.0094
2,0,4.5718,0.0312,07:03:50
2,10,4.5674,0.2812,05:42:37
2,20,4.5620,0.1875,00:32:41
2,30,4.5514,0.1875,17:57:08
2,40,4.5406,0.2500,02:34:11
2,50,4.5324,0.0938,02:47:05
2,60,4.5222,0.1875,03:13:40
2,70,4.4931,0.2188,02:17:21
2,80,4.4578,0.1562,00:44:04
2,90,4.4088,0.0938,03:40:43
2,100,4.2132,0.1875,04:39:27
2,110,4.0988,0.1875,05:05:25
2,120,3.5285,0.2812,01:26:56
2,130,2.8122,0.5625,01:00:56
2,140,2.6148,0.4375,22:35:54
2,150,2.3008,0.4062,23:30:09
2,160,2.2717,0.5938,23:36:21
2,170,2.3362,0.4062,23:51:23
2,180,1.4993,0.6250,00:11:14
2,190,2.7336,0.3750,00:59:43
2,200,2.7131,0.3438,05:50:19
2,210,2.5561,0.1875,02:47:39
2,220,2.3967,0.2500,03:28:11
2,230,3.2032,0.3438,04:13:53
2,240,2.8439,0.2812,03:09:28
2,250,2.5325,0.1875,03:06:20
2,260,2.4210,0.4688,04:16:37
2,270,2.7360,0.3438,02:40:52
2,280,2.5083,0.3750,03:58:35
2,290,2.4557,0.3125,04:32:17
2,300,2.3638,0.4688,03:12:21
2,310,2.7574,0.3438,04:15:54
2,320,2.2130,0.2500,02:58:03
2,330,2.5127,0.4688,02:46:04
2,340,2.4326,0.3750,23:44:12
2,350,2.8533,0.1562,00:17:20
2,360,2.8462,0.2188,23:57:15
2,370,2.6334,0.0938,01:16:15
2,380,2.9678,0.3125,23:24:24
2,390,2.5880,0.1562,00:24:59
2,400,2.7161,0.2188,23:28:28
2,410,2.6570,0.3438,01:02:25
2,420,2.6455,0.3750,23:37:49
2,430,2.4613,0.2500,03:06:13
2,440,2.8676,0.2188,02:43:38
2,450,2.6876,0.2812,02:44:41
2,460,2.5022,0.3125,02:13:49
2,470,2.5223,0.4375,03:48:58
2,480,3.0005,0.2188,03:25:58
2,490,2.4529,0.2500,02:40:31
2,500,3.2670,0.1562,02:07:29
2,510,2.4280,0.3125,03:16:50
2,520,3.0398,0.3125,01:55:02
2,530,2.4005,0.3438,02:40:07
2,540,2.9306,0.2188,02:47:57
2,550,2.5807,0.2500,02:13:08
2,560,2.5732,0.4062,03:34:25
2,570,2.8991,0.2812,02:44:44
2,580,2.8689,0.2812,03:47:17
2,590,2.7549,0.3125,01:44:21
2,600,3.2560,0.1562,02:11:15
2,610,2.9238,0.2500,02:18:08
2,620,2.9236,0.2500,02:06:24
2,630,2.7214,0.2812,02:04:08
2,640,3.0397,0.1875,01:43:31
2,650,2.9466,0.2812,02:05:41
2,660,2.8933,0.1875,01:51:37
2,670,3.3778,0.1250,01:58:04
2,680,3.3526,0.1875,02:03:10
2,690,3.3685,0.1562,02:02:22
2,700,3.3647,0.2500,02:07:30
2,710,3.3483,0.0938,01:53:35
2,720,3.4253,0.1875,01:44:55
2,730,3.2232,0.3750,02:00:17
2,740,3.3471,0.2188,02:07:55
2,750,3.1002,0.1562,01:50:41
2,760,2.9704,0.2812,02:04:53
2,770,2.9158,0.2812,22:46:03
2,780,3.2039,0.2500,01:43:16
2,790,2.4938,0.4688,02:04:22
2,800,2.6922,0.4062,02:04:55
2,810,2.6138,0.3438,02:01:57
2,820,3.7405,0.1562,02:07:22
2,830,3.3029,0.3438,01:58:56
2,840,3.0505,0.2500,01:54:23
2,850,3.2028,0.2188,01:58:40
2,860,4.2195,0.1250,01:55:31
2,870,3.8452,0.0625,01:48:25
2,880,3.6993,0.1250,01:56:12
2,890,3.6465,0.1562,01:35:26
2,900,2.8830,0.2500,01:46:20
2,910,2.9742,0.4062,01:35:12
2,920,3.1908,0.3438,01:54:38
2,930,3.3017,0.1562,01:38:49
2,940,2.9634,0.2188,01:44:40
2,950,2.8360,0.3125,01:54:29
2,960,3.3955,0.2500,01:45:49
2,970,3.7308,0.0625,02:10:15
2,980,3.2113,0.3125,01:43:51
2,990,3.8513,0.0625,01:34:10
2,1000,3.4184,0.1250,01:54:42
2,1010,3.3304,0.2812,01:56:04
2,1020,3.4816,0.1875,01:35:49
2,1030,3.7029,0.0625,01:39:53
2,1040,2.8414,0.1875,01:47:28
2,1050,2.4251,0.3438,01:40:04
2,1060,2.4198,0.4688,01:32:16
2,1070,2.5430,0.2500,03:05:13
2,1080,2.9387,0.4062,01:38:22
2,1090,3.0932,0.2188,01:48:48
2,1100,2.4895,0.3438,01:42:08
2,1110,2.7090,0.2500,01:34:00
2,1120,3.2689,0.2500,01:59:16
2,1130,3.1333,0.2812,01:46:50
2,1140,3.0591,0.1562,01:34:48
2,1150,3.1111,0.2188,01:45:56
2,1160,3.4189,0.2188,01:48:57
2,1170,3.3891,0.1875,01:37:22
2,1180,3.3656,0.1875,01:23:52
2,1190,3.6792,0.1250,01:46:04
2,1200,3.8200,0.1875,01:41:55
2,1210,3.3988,0.2500,01:36:23
2,1220,3.2542,0.2188,01:37:35
2,1230,3.1343,0.2500,01:31:44
2,1240,3.1011,0.3125,01:23:08
2,1250,3.5546,0.0938,01:31:19
2,1260,3.1933,0.0938,02:34:16
2,1270,3.7634,0.2188,01:19:13
2,1280,3.2822,0.0938,01:36:54
2,1290,3.3332,0.3125,01:39:01
2,1300,3.6809,0.2188,01:36:39
2,1310,3.1789,0.2500,01:25:33
2,1320,3.3982,0.1875,01:51:29
2,1330,3.7695,0.0938,01:22:20
2,1340,4.1475,0.1875,01:27:04
2,1350,3.6753,0.1250,02:09:11
2,1360,4.0854,0.2188,01:36:49
2,1370,4.0288,0.2188,01:36:32
2,1380,3.4584,0.1875,01:46:09
2,1390,3.0835,0.1562,01:37:09
2,1400,3.3745,0.1875,01:27:26
2,1410,3.3643,0.2500,01:23:04
2,1420,3.4532,0.1562,01:32:48
2,1430,3.6800,0.1562,01:37:34
2,1440,3.1854,0.2188,01:52:06
2,1450,3.4185,0.0938,01:28:59
2,1460,2.7068,0.3125,01:25:29
2,1470,3.2841,0.1875,01:20:23
2,1480,3.3463,0.2500,01:40:33
2,1490,3.4242,0.1562,01:06:52
2,1500,3.5424,0.1875,01:30:16
2,1510,3.7887,0.1562,01:27:07
2,1520,3.7351,0.0938,01:27:39
2,1530,3.2810,0.1250,01:46:42
2,1540,3.0231,0.2500,01:55:21
2,1550,3.3678,0.2500,01:17:32
2,1560,3.4558,0.2188,01:12:06
2,1570,3.3833,0.3438,01:56:26
2,1580,3.4283,0.1562,01:32:13
2,1590,3.6930,0.0625,01:08:34
2,1600,3.5359,0.2188,01:26:39
2,1610,3.0058,0.2188,01:14:29
2,1620,3.5077,0.3438,01:18:16
2,1630,3.2216,0.3438,01:11:37
2,1640,4.3734,0.1875,01:11:39
2,1650,4.0028,0.1875,01:15:39
2,1660,3.5548,0.2500,01:24:14
2,1670,3.6090,0.2188,01:08:30
2,1680,3.2535,0.2500,01:11:01
2,1690,3.6181,0.1250,01:06:52
2,1700,3.4092,0.0938,01:09:51
2,1710,3.6004,0.3438,01:16:30
2,1720,2.8120,0.3750,01:27:04
2,1730,3.8092,0.1250,01:16:23
2,1740,4.0885,0.0938,01:25:55
2,1750,4.0121,0.0625,01:17:34
2,1760,3.4423,0.1250,01:29:03
2,1770,3.0148,0.3438,01:09:14
2,1780,4.5751,0.1250,01:04:25
2,1790,4.5259,0.1875,01:19:01
2,1800,4.3976,0.1250,01:12:56
2,1810,4.1512,0.0625,01:20:15
2,1820,3.6752,0.1250,01:13:48
2,1830,3.8970,0.0625,01:08:14
2,1840,3.9001,0.0938,01:22:29
2,1850,3.9462,0.1250,01:16:31
2,1860,3.7077,0.2812,01:11:10
2,1870,3.7045,0.2188,01:04:09
2,1880,3.6728,0.0938,01:31:06
2,1890,3.7506,0.0625,00:52:53
2,1900,4.2254,0.0625,00:54:37
2,1910,4.0664,0.0312,00:55:47
2,1920,4.0266,0.0625,01:16:26
2,1930,3.8979,0.1250,01:02:41
2,1940,4.4283,0.1250,01:10:39
2,1950,4.2233,0.0938,01:29:04
2,1960,4.1493,0.0938,01:18:39
2,1970,4.0916,0.1250,01:23:42
2,1980,3.9245,0.0938,02:02:48
2,1990,3.7163,0.1250,01:13:46
2,2000,3.7574,0.1250,01:19:32
2,2010,3.7125,0.0938,01:32:23
2,2020,4.2556,0.2188,01:00:21
2,2030,4.4833,0.0938,01:08:05
2,2040,4.0078,0.1250,00:56:05
2,2050,3.7164,0.1250,00:35:58
2,2060,4.1372,0.0312,00:57:37
2,2070,4.0874,0.1875,22:10:08
2,2080,4.0382,0.2188,22:40:23
2,2090,4.3320,0.3125,23:01:14
2,2100,4.2591,0.1562,23:34:29
2,2110,4.7459,0.0625,22:20:26
2,2120,4.8326,0.0625,22:24:24
2,2130,4.6362,0.0625,22:32:22
2,2140,4.4965,0.0312,23:33:44
2,2150,4.2407,0.0000,21:48:07
2,2160,4.5140,0.0000,01:29:19
2,2170,4.5435,0.0312,01:57:45
2,2180,4.1176,0.1250,01:13:34
2,2190,4.5034,0.0312,00:52:36
2,2200,4.4246,0.0312,01:26:03
2,2210,4.6696,0.0000,02:51:07
2,2220,4.9463,0.0312,01:19:19
2,2230,4.9769,0.0000,00:48:49
2,2240,4.7326,0.0312,02:57:47
2,2250,4.9271,0.0000,00:59:32
2,2260,4.6249,0.0000,01:18:01
2,2270,4.6074,0.0000,00:54:30
2,2280,4.8110,0.0000,00:40:24
2,2290,4.9253,0.0000,01:07:50
2,2300,4.8523,0.0000,01:20:40
2,2310,4.7031,0.0000,00:40:34
2,2320,4.7420,0.0000,01:11:53
2,2330,4.7045,0.0000,01:47:36
2,2340,4.6880,0.0000,00:57:32
2,2350,4.5765,0.0000,01:11:50
2,2360,4.5098,0.0000,00:20:24
Epoch 2, Average Loss: 3.5421, Validation Accuracy: 0.0127
3,0,4.4921,0.0000,00:44:05
3,10,4.3913,0.0000,00:35:18
3,20,4.2325,0.0000,00:46:43
3,30,4.1139,0.1250,00:54:09
3,40,3.7379,0.3750,00:40:12
3,50,3.5648,0.3125,00:41:24
3,60,3.5294,0.2500,00:32:36
3,70,3.1250,0.2500,00:36:49
3,80,2.9781,0.1562,00:46:33
3,90,3.0116,0.1875,00:47:49
3,100,3.2766,0.1875,00:29:21
3,110,2.9255,0.3125,00:35:41
3,120,2.7991,0.2188,00:35:16
3,130,2.3733,0.2188,00:30:39
3,140,2.6050,0.3750,00:36:48
3,150,2.1313,0.4375,00:19:53
3,160,2.1942,0.4375,00:19:21
3,170,2.6861,0.2500,00:33:22
3,180,2.5747,0.3125,00:32:44
3,190,2.7099,0.2188,00:39:38
3,200,2.3423,0.3438,00:28:42
3,210,2.1725,0.3125,00:25:30
3,220,2.6780,0.3125,23:25:13
3,230,2.5998,0.2500,00:11:57
3,240,2.8328,0.2500,00:37:39
3,250,2.0524,0.2500,00:27:36
3,260,2.3392,0.2812,00:17:23
3,270,2.1878,0.3125,00:12:50
3,280,1.9904,0.3750,00:31:54
3,290,2.0880,0.2812,00:14:07
3,300,2.4318,0.4375,00:24:14
3,310,3.4308,0.1562,00:31:32
3,320,2.5330,0.2812,00:24:16
3,330,2.6217,0.1875,00:09:15
3,340,2.4125,0.3438,00:49:16
3,350,2.4792,0.2812,00:14:41
3,360,2.2480,0.2812,00:26:32
3,370,2.1370,0.2188,00:01:31
3,380,2.6019,0.2812,00:20:16
3,390,1.8447,0.4062,00:10:27
3,400,2.2009,0.3438,00:18:39
3,410,2.0097,0.2500,00:31:58
3,420,1.7199,0.4688,00:26:55
3,430,2.7928,0.1562,00:15:06
3,440,2.5194,0.2500,00:04:13
3,450,2.2270,0.4375,00:31:33
3,460,2.3211,0.2188,00:14:40
3,470,2.2411,0.4688,00:08:20
3,480,2.6215,0.2188,23:21:42
3,490,3.3373,0.1562,23:29:32
3,500,2.5935,0.3750,00:37:32
3,510,2.5066,0.2500,02:35:24
3,520,2.7400,0.2188,02:53:02
3,530,2.1980,0.1875,03:14:20
3,540,2.8848,0.2188,03:15:28
3,550,2.0632,0.4375,00:27:41
3,560,2.6993,0.2812,00:21:00
3,570,2.1849,0.3750,23:59:51
3,580,2.5666,0.2812,00:27:16
3,590,2.9517,0.2812,00:05:55
3,600,2.3297,0.3438,00:01:29
3,610,2.6489,0.1875,00:21:39
3,620,2.0796,0.4062,00:38:33
3,630,2.6243,0.2812,00:09:56
3,640,2.5899,0.2500,00:30:41
3,650,2.7143,0.1250,00:24:23
3,660,2.5581,0.1875,00:16:11
3,670,2.6621,0.2188,23:45:40
3,680,2.8341,0.2188,00:41:27
3,690,2.6779,0.2812,01:23:20
3,700,2.5682,0.2812,02:30:01
3,710,3.1003,0.2500,00:06:12
3,720,2.7646,0.2188,00:37:51
3,730,2.5617,0.2812,00:21:10
3,740,2.6634,0.2188,23:04:12
3,750,2.2685,0.2500,23:54:30
3,760,2.0922,0.5000,01:34:14
3,770,2.0989,0.5000,00:18:19
3,780,1.6864,0.5625,00:18:57
3,790,2.0218,0.3125,00:59:02
3,800,2.4507,0.3750,23:40:41
3,810,2.4618,0.2812,23:01:31
3,820,2.4810,0.4375,02:03:38
3,830,2.1387,0.3125,23:03:55
3,840,2.8014,0.2188,22:37:32
3,850,3.7360,0.1562,23:58:43
3,860,2.7044,0.2500,01:21:24
3,870,2.8076,0.2500,02:00:56
3,880,2.8161,0.3125,23:05:56
3,890,2.4184,0.3750,22:40:43
3,900,2.3341,0.3438,00:28:21
3,910,2.8657,0.2188,01:35:14
3,920,2.7874,0.2188,00:09:14
3,930,2.1025,0.3750,23:33:50
3,940,2.4019,0.4062,00:41:53
3,950,2.4206,0.2188,23:02:11
3,960,2.6595,0.2188,00:06:38
3,970,2.8907,0.3438,01:28:49
3,980,2.7309,0.1875,22:51:31
3,990,2.8948,0.1562,22:49:20
3,1000,2.5232,0.2188,23:28:13
3,1010,2.7727,0.2188,00:09:48
3,1020,2.7359,0.2812,23:25:41
3,1030,2.3874,0.3750,22:20:16
3,1040,2.3447,0.2812,23:01:05
3,1050,2.2853,0.4375,00:20:17
3,1060,2.4410,0.3125,23:19:31
3,1070,2.1057,0.3125,01:02:12
3,1080,2.3441,0.4375,23:39:23
3,1090,2.5103,0.3438,23:47:44
3,1100,2.1718,0.4375,00:24:10
3,1110,2.4152,0.3125,23:57:18
3,1120,2.5356,0.2188,23:01:14
3,1130,2.4339,0.3438,00:05:53
3,1140,2.0234,0.3125,00:16:32
3,1150,2.6751,0.3125,23:49:30
3,1160,2.2890,0.3438,22:26:22
3,1170,2.5393,0.2500,22:34:06
3,1180,2.6020,0.2812,23:22:44
3,1190,2.6989,0.3125,23:41:10
3,1200,3.1684,0.1562,00:07:07
3,1210,2.4970,0.2188,00:02:01
3,1220,2.9892,0.2500,22:54:13
3,1230,3.1217,0.1875,23:01:22
3,1240,2.6648,0.2812,00:00:40
3,1250,2.4276,0.3125,23:56:51
3,1260,2.4795,0.1562,22:09:48
3,1270,2.3883,0.3438,22:45:39
3,1280,2.5936,0.3125,02:03:48
3,1290,3.0460,0.1562,00:21:50
3,1300,2.5297,0.2500,00:35:15
3,1310,2.5538,0.2500,22:06:21
3,1320,3.2508,0.1875,22:48:40
3,1330,2.9111,0.2188,23:16:36
3,1340,2.8354,0.2812,23:45:50
3,1350,2.3691,0.2812,22:39:34
3,1360,2.6239,0.4688,21:56:51
3,1370,3.2796,0.1875,22:35:18
3,1380,2.4938,0.1562,23:15:55
3,1390,2.8369,0.3125,00:03:06
3,1400,2.7115,0.3438,22:53:21
3,1410,3.3558,0.1875,21:40:45
3,1420,2.7643,0.2812,22:05:03
3,1430,2.9080,0.2188,22:44:44
3,1440,2.7212,0.2812,23:40:14
3,1450,2.7243,0.2188,23:56:19
3,1460,2.5638,0.3125,22:45:42
3,1470,2.5555,0.3125,21:25:47
3,1480,3.2816,0.1250,22:17:04
3,1490,2.7073,0.1875,23:16:12
3,1500,2.6220,0.2500,23:44:42
3,1510,2.6358,0.1562,23:49:36
3,1520,2.6641,0.2812,22:38:45
3,1530,2.9440,0.1875,22:26:15
3,1540,2.9861,0.1562,23:08:51
3,1550,2.7843,0.4062,23:32:07
3,1560,2.7853,0.1562,22:15:29
3,1570,2.6936,0.2812,22:21:17
3,1580,2.1710,0.3438,22:58:23
3,1590,2.5609,0.2812,23:44:08
3,1600,2.4004,0.2812,22:13:23
3,1610,2.2935,0.5312,22:30:41
3,1620,2.0679,0.5625,23:03:37
3,1630,2.7467,0.3125,23:42:40
3,1640,3.0835,0.2812,22:51:05
3,1650,3.7347,0.1562,21:12:49
3,1660,2.9788,0.2188,21:41:20
3,1670,2.6995,0.3125,22:04:01
3,1680,2.6514,0.3125,22:41:11
3,1690,2.7088,0.2812,23:32:28
3,1700,2.7890,0.2500,23:23:57
3,1710,2.4800,0.2188,23:03:44
3,1720,2.8889,0.3750,21:35:19
3,1730,2.9126,0.0938,21:12:08
3,1740,2.3109,0.3125,21:46:25
3,1750,2.5302,0.2812,23:11:01
3,1760,3.3267,0.4375,23:08:52
3,1770,3.3825,0.2188,23:27:57
3,1780,2.6375,0.3750,23:01:18
3,1790,2.8195,0.2812,22:12:29
3,1800,3.5218,0.0938,22:38:04
3,1810,2.7691,0.2500,23:03:19
3,1820,2.7998,0.1875,23:34:28
3,1830,2.8182,0.2812,22:14:56
3,1840,3.1920,0.1875,21:32:09
3,1850,2.8479,0.1562,22:17:02
3,1860,3.0646,0.1875,23:01:51
3,1870,2.7881,0.1875,23:25:29
3,1880,2.8710,0.0938,22:38:11
3,1890,2.7675,0.1562,21:44:13
3,1900,3.0101,0.1250,21:54:23
3,1910,3.1099,0.2812,22:40:57
3,1920,3.2616,0.1562,23:19:29
3,1930,3.0346,0.2812,23:16:03
3,1940,3.1208,0.1875,22:19:29
3,1950,3.0900,0.2500,21:16:09
3,1960,2.8865,0.1250,22:11:10
3,1970,2.9302,0.1875,22:39:35
3,1980,2.7278,0.2188,23:42:51
3,1990,3.0179,0.1562,22:46:02
3,2000,3.5339,0.2188,21:27:50
3,2010,2.8841,0.2500,21:22:30
3,2020,3.1212,0.3750,22:17:18
3,2030,3.1803,0.1562,22:56:10
3,2040,3.1712,0.2188,22:57:04
3,2050,2.5839,0.2188,22:53:51
3,2060,2.9694,0.0625,21:16:22
3,2070,3.3691,0.2188,21:37:48
3,2080,3.1864,0.3750,22:28:24
3,2090,3.5008,0.3125,22:47:03
3,2100,3.4471,0.1875,23:00:23
3,2110,3.2070,0.1875,21:56:07
3,2120,3.6785,0.1562,21:52:25
3,2130,3.5789,0.1875,22:25:18
3,2140,3.1582,0.2500,22:47:25
3,2150,2.8299,0.2812,21:36:30
3,2160,4.5661,0.0938,21:56:02
3,2170,3.3550,0.1250,22:50:01
3,2180,4.0275,0.1562,23:15:30
3,2190,3.5420,0.1875,21:40:18
3,2200,4.5102,0.0625,21:22:33
3,2210,4.1940,0.0625,22:13:06
3,2220,3.9298,0.1562,22:28:05
3,2230,4.5982,0.0312,22:59:34
3,2240,4.4177,0.0312,22:14:48
3,2250,4.3924,0.0625,21:37:50
3,2260,4.2145,0.0625,22:08:16
3,2270,4.1942,0.0625,22:58:57
3,2280,4.3720,0.0938,22:56:22
3,2290,4.7552,0.1250,21:36:15
3,2300,4.7351,0.0625,20:49:11
3,2310,4.5813,0.0938,21:51:30
3,2320,5.0586,0.0000,22:34:43
3,2330,4.7200,0.0312,22:44:52
3,2340,4.4585,0.0000,22:03:15
3,2350,4.1283,0.0938,21:18:35
3,2360,3.9546,0.0938,21:56:59
Epoch 3, Average Loss: 2.8582, Validation Accuracy: 0.0122
4,0,4.2685,0.0312,21:55:11
4,10,3.9502,0.0000,21:38:23
4,20,3.8902,0.0312,22:17:46
4,30,3.5142,0.0625,23:01:14
4,40,3.4537,0.2500,22:25:57
4,50,3.2190,0.2812,21:48:56
4,60,3.1669,0.3125,21:50:07
4,70,2.9115,0.2500,21:56:55
4,80,2.9195,0.3125,22:50:45
4,90,3.0293,0.1250,23:49:57
4,100,3.1767,0.0312,22:20:31
4,110,2.9215,0.1875,21:43:20
4,120,2.7917,0.2812,22:50:02
4,130,2.5339,0.1562,22:54:45
4,140,2.1970,0.3750,21:56:54
4,150,2.3977,0.3125,21:50:12
4,160,2.5813,0.2500,23:06:54
4,170,2.6723,0.2812,23:09:20
4,180,3.1988,0.0938,21:49:43
4,190,2.8397,0.2188,20:38:28
4,200,2.3567,0.3125,23:58:27
4,210,2.9067,0.1562,22:47:41
4,220,2.8516,0.1562,22:54:26
4,230,2.4507,0.1875,21:55:02
4,240,2.9855,0.2812,20:49:33
4,250,2.2853,0.2812,20:40:10
4,260,2.3627,0.3438,21:48:38
4,270,2.2342,0.3438,22:02:47
4,280,2.5307,0.2812,22:43:46
4,290,2.2448,0.2188,23:28:18
4,300,2.2904,0.3125,22:25:23
4,310,2.1655,0.4062,21:06:27
4,320,2.4104,0.0938,23:27:02
4,330,2.6524,0.1875,22:29:21
4,340,2.2053,0.1875,00:02:49
4,350,2.0571,0.3125,22:33:40
4,360,2.4435,0.2188,21:14:40
4,370,2.2176,0.2500,23:12:54
4,380,2.2520,0.4062,22:33:00
4,390,2.0874,0.3125,22:07:24
4,400,2.5061,0.3125,20:42:18
4,410,2.3610,0.1875,21:41:00
4,420,2.1031,0.3750,21:56:39
4,430,2.7813,0.3125,22:29:01
4,440,1.8832,0.3750,22:48:04
4,450,2.1997,0.5625,22:14:21
4,460,2.7149,0.0625,21:18:02
4,470,2.3876,0.4375,21:26:06
4,480,1.7842,0.3750,22:00:50
4,490,2.2840,0.3125,00:29:19
4,500,2.2004,0.3438,22:54:23
4,510,1.7743,0.4375,21:06:08
4,520,2.4119,0.2500,21:37:12
4,530,2.4729,0.0938,22:56:10
4,540,2.3681,0.1562,22:21:15
4,550,1.8624,0.3750,20:45:31
4,560,1.9551,0.3750,21:09:27
4,570,2.1804,0.4375,22:13:34
4,580,2.4173,0.1562,00:25:07
4,590,2.9765,0.2500,23:47:29
4,600,2.3727,0.3750,23:40:28
4,610,2.7546,0.2500,20:57:09
4,620,2.7377,0.3125,21:35:51
4,630,2.3946,0.2812,22:31:59
4,640,2.2898,0.1875,00:36:51
4,650,2.4085,0.2188,22:34:34
4,660,2.8779,0.1562,21:46:00
4,670,2.7173,0.2812,20:53:45
4,680,2.2226,0.3438,21:33:55
4,690,2.8272,0.2812,22:41:52
4,700,2.4239,0.1562,22:34:28
4,710,2.8071,0.2500,21:25:12
4,720,2.5368,0.3125,22:14:37
4,730,2.3340,0.2812,22:32:38
4,740,2.3362,0.3125,22:23:42
4,750,2.7143,0.2812,20:45:38
4,760,2.2452,0.4062,21:11:24
4,770,2.6407,0.3438,22:40:52
4,780,2.5005,0.2500,22:13:48
4,790,2.0242,0.3125,21:31:39
4,800,1.9502,0.4375,20:05:53
4,810,1.9382,0.3750,20:51:55
4,820,2.3045,0.3125,21:28:50
4,830,2.3376,0.1875,22:19:43
4,840,2.3259,0.2188,22:32:48
4,850,2.3737,0.3438,21:03:01
4,860,2.6265,0.0938,19:49:14
4,870,2.3955,0.2500,20:32:42
4,880,2.7620,0.1562,20:50:08
4,890,2.7861,0.2188,21:42:48
4,900,2.2625,0.2500,22:12:06
4,910,1.9877,0.2812,22:17:20
4,920,2.0016,0.4375,21:10:16
4,930,1.9170,0.2812,20:57:25
4,940,2.5408,0.2812,21:39:05
4,950,2.2449,0.3438,22:09:01
4,960,2.5333,0.2188,21:36:01
4,970,2.4270,0.2188,20:00:56
4,980,2.3967,0.1562,20:40:52
4,990,2.5467,0.1562,21:30:57
4,1000,2.1795,0.1250,22:30:26
4,1010,2.0336,0.3750,22:23:56
4,1020,2.2447,0.2500,20:47:59
4,1030,1.9305,0.3750,20:29:26
4,1040,2.4457,0.2188,20:51:39
4,1050,2.2358,0.3750,21:54:30
4,1060,2.4398,0.2812,22:13:35
4,1070,2.0909,0.3438,21:05:47
4,1080,2.2391,0.3750,20:08:25
4,1090,2.2223,0.2500,19:55:56
4,1100,2.4210,0.1875,21:04:58
4,1110,1.8224,0.4062,21:20:34
4,1120,2.1619,0.3125,22:05:51
4,1130,1.9711,0.4062,22:10:24
4,1140,1.8973,0.4375,21:07:04
4,1150,2.2708,0.3125,20:51:40
4,1160,2.3742,0.3438,21:35:28
4,1170,2.7882,0.2500,22:10:47
4,1180,2.9191,0.3125,21:19:54
4,1190,2.0363,0.3438,20:18:29
4,1200,2.5965,0.2812,20:40:25
4,1210,2.3441,0.3125,21:09:22
4,1220,2.4288,0.3125,21:59:33
4,1230,2.2432,0.3125,22:22:28
4,1240,2.2937,0.3125,21:05:50
4,1250,2.7000,0.1250,20:43:19
4,1260,2.3297,0.1562,21:13:00
4,1270,2.2376,0.3750,18:57:47
4,1280,2.7108,0.1875,19:03:02
4,1290,2.3278,0.3125,17:54:38
4,1300,2.6129,0.1250,18:56:46
4,1310,2.7331,0.2500,20:36:49
4,1320,2.3838,0.3750,20:34:16
4,1330,2.3649,0.2188,21:50:38
4,1340,2.3832,0.3125,18:27:51
4,1350,2.5401,0.1875,20:04:54
4,1360,2.3129,0.3750,19:31:38
4,1370,2.7021,0.1562,20:37:50
4,1380,2.2391,0.1875,21:32:50
4,1390,2.8368,0.3125,21:51:33
4,1400,2.7057,0.2500,22:04:31
4,1410,2.9932,0.2812,21:48:13
4,1420,2.5279,0.2812,20:30:19
4,1430,2.5805,0.2500,21:46:20
4,1440,1.7449,0.4688,22:22:54
4,1450,2.1529,0.3750,22:19:11
4,1460,3.0606,0.1250,20:26:08
4,1470,2.5404,0.3125,21:03:09
4,1480,2.0944,0.4062,21:50:15
4,1490,2.4789,0.2812,21:58:15
4,1500,2.7526,0.1562,21:22:33
4,1510,2.1251,0.2812,19:53:15
4,1520,2.1279,0.4688,20:42:44
4,1530,2.4222,0.4062,21:34:39
4,1540,2.4326,0.2812,21:47:53
4,1550,2.4329,0.1875,21:57:55
4,1560,2.2702,0.3125,20:29:21
4,1570,2.5676,0.2812,20:41:16
4,1580,2.0623,0.2812,21:07:28
4,1590,2.3177,0.3750,21:34:37
4,1600,2.1286,0.3125,23:57:12
4,1610,1.6404,0.4688,21:16:04
4,1620,2.3817,0.4688,20:34:20
4,1630,2.3474,0.2188,21:00:51
4,1640,2.4337,0.3438,21:48:29
4,1650,2.7122,0.1562,22:37:27
4,1660,3.0026,0.2500,20:32:27
4,1670,2.5104,0.2812,20:09:20
4,1680,2.1496,0.5000,21:44:57
4,1690,2.2313,0.3750,22:15:04
4,1700,2.1818,0.3438,22:04:59
4,1710,2.5653,0.3438,19:43:09
4,1720,2.8946,0.2500,20:40:25
4,1730,2.2844,0.3125,21:20:18
4,1740,2.0733,0.3125,21:50:20
4,1750,2.6527,0.0938,21:35:35
4,1760,3.4406,0.1875,20:25:43
4,1770,2.4698,0.3438,19:34:40
4,1780,2.3527,0.4688,20:26:18
4,1790,2.6115,0.2812,22:26:47
4,1800,2.4704,0.1875,23:04:32
4,1810,2.6968,0.2188,21:43:28
4,1820,2.5602,0.1875,20:54:08
4,1830,2.5603,0.2500,21:52:21
4,1840,2.6068,0.2188,21:22:05
4,1850,2.2449,0.3438,21:18:04
4,1860,2.6211,0.2188,22:45:20
4,1870,2.5469,0.1562,19:40:20
4,1880,2.2832,0.2812,17:31:24
4,1890,2.3771,0.2188,18:40:00
4,1900,2.9200,0.1562,20:15:00
4,1910,2.6537,0.1875,19:05:34
4,1920,2.7865,0.2500,17:30:43
4,1930,2.7196,0.3125,17:55:02
4,1940,2.4973,0.3438,18:17:34
4,1950,2.9777,0.1875,19:02:01
4,1960,2.1960,0.2500,18:44:58
4,1970,1.9662,0.4688,18:44:53
4,1980,1.8439,0.3438,18:04:29
4,1990,2.0466,0.5312,18:37:06
4,2000,2.5434,0.3750,18:43:58
4,2010,2.7542,0.2188,18:54:37
4,2020,2.2289,0.3438,19:07:43
4,2030,2.4800,0.2188,17:18:10
4,2040,2.3713,0.2188,17:30:33
4,2050,2.0484,0.3438,19:50:26
4,2060,2.5561,0.4375,22:30:23
4,2070,2.2741,0.3438,23:13:55
4,2080,2.3443,0.3438,21:24:17
4,2090,3.1616,0.2188,22:36:36
4,2100,2.5773,0.1562,20:25:16
4,2110,2.6528,0.2812,20:08:18
4,2120,2.3049,0.2812,21:06:45
4,2130,2.2777,0.1875,23:27:10
4,2140,2.4316,0.3125,18:51:57
4,2150,2.9369,0.2500,18:37:56
4,2160,3.1609,0.3125,18:08:20
4,2170,3.1853,0.2812,18:28:58
4,2180,3.5556,0.3125,21:35:13
4,2190,3.3462,0.1562,21:28:11
4,2200,3.2447,0.2188,21:16:38
4,2210,3.3468,0.1875,20:28:25
4,2220,3.6675,0.0625,20:59:50
4,2230,4.0780,0.0938,21:38:07
4,2240,3.3261,0.2500,22:19:56
4,2250,3.7076,0.1250,20:33:15
4,2260,3.6877,0.0625,21:37:22
4,2270,3.6380,0.1250,21:15:33
4,2280,3.8235,0.2188,22:10:07
4,2290,3.6989,0.2188,21:25:56
4,2300,3.4525,0.1562,20:23:53
4,2310,3.6973,0.1562,19:55:58
4,2320,4.3154,0.0625,21:12:50
4,2330,3.9464,0.1250,21:02:35
4,2340,3.4831,0.1562,19:55:37
4,2350,3.3001,0.0938,21:40:24
4,2360,3.0355,0.1250,21:38:15
Epoch 4, Average Loss: 2.5918, Validation Accuracy: 0.0130
5,0,4.3235,0.0000,19:46:06
5,10,3.7960,0.0000,17:41:01
5,20,2.9594,0.0938,17:35:11
5,30,2.8373,0.2812,22:15:40
5,40,2.4371,0.3750,21:30:49
5,50,2.4610,0.3438,20:27:42
5,60,2.4846,0.3125,20:45:38
5,70,2.9869,0.1250,20:56:38
5,80,2.5493,0.2812,20:59:11
5,90,2.3283,0.2500,21:54:03
5,100,2.5503,0.1562,19:43:36
5,110,2.5763,0.1875,22:13:04
5,120,2.9498,0.0938,21:24:51
5,130,2.3949,0.1562,21:28:53
5,140,2.0286,0.4375,20:11:52
5,150,1.6541,0.5000,20:45:04
5,160,2.0457,0.5000,22:03:14
5,170,2.8895,0.2188,18:41:47
5,180,2.2477,0.2500,19:25:31
5,190,2.5232,0.1875,19:54:28
5,200,2.1508,0.3125,22:05:39
5,210,2.4563,0.2188,21:12:10
5,220,2.6077,0.1875,21:19:22
5,230,2.4217,0.1562,21:26:57
5,240,2.1507,0.3750,20:44:59
5,250,2.3057,0.2188,20:47:52
5,260,2.3290,0.2812,20:37:37
5,270,1.9303,0.2500,17:55:58
5,280,2.3489,0.4062,20:22:01
5,290,2.1907,0.3438,21:02:31
5,300,2.6715,0.1250,21:34:20
5,310,2.4440,0.1875,18:22:38
5,320,1.8925,0.3750,17:43:58
5,330,2.1238,0.2812,18:36:00
5,340,2.3651,0.2500,18:38:50
5,350,2.2275,0.0625,20:41:19
5,360,2.6897,0.1562,20:06:37
5,370,1.8952,0.4062,21:59:26
5,380,2.4212,0.2500,19:57:30
5,390,1.9239,0.3438,19:57:06
5,400,2.2489,0.4062,19:47:35
5,410,1.8473,0.3438,20:17:26
5,420,1.9558,0.4062,20:44:06
5,430,2.2524,0.3125,21:22:41
5,440,2.4764,0.1562,21:58:38
5,450,2.1334,0.3438,19:52:25
5,460,2.0739,0.1875,19:56:10
5,470,2.4424,0.2812,20:42:42
5,480,2.6086,0.1875,21:41:27
5,490,2.1885,0.2500,22:02:48
5,500,2.0693,0.3125,21:40:35
5,510,1.8312,0.3438,19:45:05
5,520,2.5755,0.2188,19:58:27
5,530,2.2350,0.3125,20:38:13
5,540,2.5309,0.1875,20:47:54
5,550,1.9699,0.3750,22:49:27
5,560,2.1029,0.3438,20:06:36
5,570,2.3110,0.3125,18:09:33
5,580,2.5094,0.2500,20:31:19
5,590,2.9874,0.1875,21:55:51
5,600,2.0044,0.3750,19:45:37
5,610,2.5335,0.2812,21:01:39
5,620,2.3166,0.3750,22:12:40
5,630,2.0491,0.2188,21:52:01
5,640,2.5516,0.2188,19:49:42
5,650,2.0033,0.2812,21:00:34
5,660,2.5770,0.2500,21:05:46
5,670,2.3698,0.2500,20:43:19
5,680,2.7164,0.3438,20:00:12
5,690,2.9139,0.2500,19:53:30
5,700,2.7733,0.1562,20:47:30
5,710,2.9188,0.1562,21:44:19
5,720,2.4377,0.1875,20:14:46
5,730,2.4047,0.3125,19:46:23
5,740,1.8306,0.3125,17:25:41
5,750,1.9356,0.4062,20:31:59
5,760,2.2546,0.3438,21:29:11
5,770,2.3036,0.3125,20:36:50
5,780,1.9711,0.3438,21:03:32
5,790,2.0325,0.5000,19:03:41
5,800,2.5101,0.3750,19:34:01
5,810,2.0517,0.3438,20:20:42
5,820,2.4904,0.3125,22:20:42
5,830,2.3786,0.3125,21:34:01
5,840,2.3740,0.2188,19:49:10
5,850,2.5482,0.1875,21:35:10
5,860,2.6843,0.1562,21:24:12
5,870,2.1749,0.2812,21:06:13
5,880,2.5157,0.3125,20:14:57
5,890,2.1836,0.3125,18:53:58
5,900,2.2902,0.3750,18:05:03
5,910,2.1126,0.3438,17:15:51
5,920,2.4023,0.2812,17:15:02
5,930,1.8453,0.3750,17:37:12
5,940,2.6073,0.3125,19:53:21
5,950,1.9216,0.2500,20:04:58
5,960,2.2847,0.3125,20:06:43
5,970,2.5929,0.2500,18:48:46
5,980,2.4400,0.1250,19:53:04
5,990,2.2632,0.3438,21:00:09
5,1000,2.0530,0.2500,22:14:31
5,1010,2.6345,0.2188,20:34:04
5,1020,2.2367,0.2188,21:34:14
5,1030,2.4806,0.1875,18:59:48
5,1040,2.1028,0.3438,20:03:53
5,1050,2.2830,0.4062,20:28:29
5,1060,2.3445,0.3750,21:21:41
5,1070,2.3348,0.3750,21:53:56
5,1080,2.2114,0.4375,21:38:00
5,1090,2.3920,0.3125,19:53:13
5,1100,2.0343,0.3750,20:36:51
5,1110,2.0010,0.2812,20:30:02
5,1120,2.4270,0.2812,19:21:21
5,1130,1.8141,0.5312,19:52:10
5,1140,1.8159,0.3438,20:23:52
5,1150,2.6201,0.2812,21:40:29
5,1160,2.6063,0.2500,20:26:15
5,1170,2.2733,0.2500,19:39:51
5,1180,2.4127,0.2500,20:25:25
5,1190,1.9870,0.3438,20:24:27
5,1200,2.5762,0.2500,20:56:51
5,1210,2.6847,0.2188,20:32:39
5,1220,2.0465,0.3750,20:14:04
5,1230,2.7368,0.1875,20:43:25
5,1240,2.4994,0.2812,20:16:27
5,1250,2.1629,0.4062,21:27:13
5,1260,2.3675,0.1562,20:47:47
5,1270,2.2354,0.3750,20:21:13
5,1280,2.2264,0.1562,20:47:27
5,1290,2.3434,0.3750,18:50:50
5,1300,2.6215,0.2500,17:32:41
5,1310,2.4139,0.2500,16:24:10
5,1320,2.7783,0.1875,17:28:22
5,1330,2.1721,0.2188,18:57:49
5,1340,2.5096,0.2188,18:07:02
5,1350,1.9961,0.2188,17:34:37
5,1360,2.4322,0.3125,17:27:43
5,1370,2.3067,0.3750,17:48:23
5,1380,1.8966,0.4375,17:20:24
5,1390,2.9084,0.1562,20:37:11
5,1400,1.8131,0.3750,20:54:45
5,1410,2.2056,0.2500,22:24:43
5,1420,2.0938,0.2812,20:38:18
5,1430,2.3205,0.3750,19:52:31
5,1440,2.1637,0.2812,19:53:13
5,1450,2.1412,0.2812,19:59:09
5,1460,2.3697,0.2812,20:01:38
5,1470,2.1149,0.4062,20:04:26
5,1480,1.8488,0.4375,21:06:45
5,1490,2.5385,0.1562,20:09:00
5,1500,1.9023,0.4688,19:35:35
5,1510,2.2472,0.2812,20:40:40
5,1520,1.8338,0.4375,19:55:58
5,1530,2.2943,0.3750,21:59:12
5,1540,2.1394,0.2812,20:02:13
5,1550,2.8117,0.1875,18:46:45
5,1560,2.1500,0.3438,19:16:26
5,1570,2.1478,0.3125,19:45:06
5,1580,2.3728,0.3438,19:43:19
5,1590,2.2306,0.2500,20:01:17
5,1600,2.0180,0.3750,19:41:10
5,1610,1.3799,0.6250,19:57:13
5,1620,3.0063,0.2812,18:27:57
5,1630,1.8524,0.3438,18:07:38
5,1640,1.8333,0.4688,18:45:57
5,1650,2.1064,0.3750,19:53:25
5,1660,2.3016,0.3125,20:19:19
5,1670,2.3511,0.3125,20:02:38
5,1680,1.8569,0.3750,19:38:43
5,1690,2.5125,0.2188,18:31:01
5,1700,1.9802,0.4062,18:38:15
5,1710,2.3524,0.3438,18:57:24
5,1720,2.6049,0.2188,19:40:03
5,1730,1.9370,0.3125,20:01:28
5,1740,2.6350,0.2188,20:03:29
5,1750,2.0142,0.2188,18:49:13
5,1760,2.6939,0.3125,19:39:41
5,1770,2.3671,0.2812,19:54:29
5,1780,2.2286,0.2812,19:03:54
5,1790,2.2018,0.3125,19:08:32
5,1800,2.1166,0.2500,20:09:10
5,1810,2.0929,0.3750,19:25:27
5,1820,2.2814,0.2188,19:02:20
5,1830,2.7214,0.2188,19:27:06
5,1840,2.0503,0.3438,19:44:58
5,1850,2.4138,0.3438,18:31:54
5,1860,2.4195,0.3438,18:29:59
5,1870,2.6516,0.2812,19:27:20
5,1880,2.4010,0.2500,19:51:01
5,1890,2.1331,0.2812,19:42:04
5,1900,2.2575,0.3125,19:41:11
5,1910,2.7212,0.1562,20:50:39
5,1920,2.1712,0.3438,19:26:49
5,1930,2.6395,0.2812,19:47:53
5,1940,2.1074,0.3750,19:56:20
5,1950,2.9904,0.2500,18:45:18
5,1960,2.2781,0.2500,16:54:24
5,1970,1.8127,0.5312,18:08:04
5,1980,2.0914,0.3438,18:17:07
5,1990,2.8343,0.2500,19:46:37
5,2000,2.5711,0.2812,19:41:52
5,2010,2.6107,0.2188,19:46:12
5,2020,2.3735,0.3125,18:47:01
5,2030,2.0726,0.2500,18:32:20
5,2040,2.0337,0.4062,19:07:44
5,2050,2.6918,0.2812,19:53:51
5,2060,2.2961,0.4688,19:48:27
5,2070,2.4928,0.3125,19:13:20
5,2080,2.3509,0.2812,18:08:50
5,2090,2.3668,0.3125,18:47:32
5,2100,2.2975,0.4062,19:30:50
5,2110,2.8041,0.2812,19:44:57
5,2120,2.5842,0.2188,19:39:18
5,2130,2.1191,0.3438,18:42:50
5,2140,2.2091,0.3125,18:32:05
5,2150,2.2639,0.2188,19:17:42
5,2160,3.0195,0.2812,19:26:31
5,2170,3.1729,0.3438,19:37:10
5,2180,2.8241,0.2812,17:55:44
5,2190,2.2514,0.2188,18:55:17
5,2200,2.3615,0.2812,19:13:07
5,2210,2.2339,0.3750,19:34:41
5,2220,2.9308,0.0938,19:09:08
5,2230,2.8050,0.1875,19:38:33
5,2240,2.8647,0.2188,19:32:10
5,2250,3.0852,0.2500,19:39:22
5,2260,2.7995,0.2188,19:17:17
5,2270,3.1643,0.2500,19:36:12
5,2280,3.1905,0.2188,17:38:56
5,2290,2.6403,0.3125,18:29:25
5,2300,2.9798,0.1250,19:14:28
5,2310,3.0027,0.2812,19:39:43
5,2320,3.2631,0.1562,19:00:14
5,2330,2.9534,0.2812,17:44:11
5,2340,2.6928,0.1875,18:18:12
5,2350,2.3586,0.1875,18:51:52
5,2360,2.2013,0.4375,19:09:32
Epoch 5, Average Loss: 2.3687, Validation Accuracy: 0.0124
6,0,4.6491,0.0000,20:34:40
6,10,3.6275,0.0625,18:37:54
6,20,2.7276,0.2500,19:51:38
6,30,2.3323,0.3750,18:12:38
6,40,2.1836,0.4062,18:55:24
6,50,2.2417,0.2812,19:21:57
6,60,1.9291,0.3750,19:21:19
6,70,2.4179,0.2812,19:21:29
6,80,2.3685,0.2500,19:44:32
6,90,2.4113,0.3438,19:35:35
6,100,2.6155,0.1562,18:47:31
6,110,2.6848,0.1875,18:04:05
6,120,2.2437,0.2500,18:38:36
6,130,2.0496,0.3125,19:23:52
6,140,1.9162,0.4375,19:34:26
6,150,1.7558,0.4062,19:15:57
6,160,2.1233,0.3438,19:20:16
6,170,2.2737,0.4062,19:07:37
6,180,2.2067,0.2812,18:19:19
6,190,2.7909,0.3438,19:00:18
6,200,2.5616,0.1250,19:24:51
6,210,2.3217,0.1250,19:23:38
6,220,1.9990,0.2812,18:06:39
6,230,2.3560,0.3125,18:59:42
6,240,2.2941,0.2812,19:05:47
6,250,2.4095,0.1562,19:14:08
6,260,1.7895,0.6250,18:48:13
6,270,1.8618,0.4375,18:20:22
6,280,2.2220,0.3125,18:47:04
6,290,2.0525,0.3125,19:18:25
6,300,2.0345,0.3438,18:59:07
6,310,2.2448,0.4062,18:01:32
6,320,2.1868,0.2812,18:36:55
6,330,2.8045,0.1875,19:07:58
6,340,2.5939,0.1250,19:39:25
6,350,1.8636,0.3125,18:27:20
6,360,2.1431,0.3438,18:35:15
6,370,2.2453,0.2812,18:54:44
6,380,2.3415,0.2812,19:56:27
6,390,2.0203,0.3750,18:02:02
6,400,2.3301,0.3125,18:37:25
6,410,2.2961,0.2188,19:03:29
6,420,2.2257,0.3438,19:11:08
6,430,2.1545,0.3125,18:14:10
6,440,1.9620,0.2188,18:24:12
6,450,2.3321,0.3438,18:59:04
6,460,2.0902,0.4375,19:20:37
6,470,2.3643,0.3125,18:43:32
6,480,1.9390,0.3438,18:11:43
6,490,1.8216,0.3750,18:58:17
6,500,2.1513,0.3438,18:31:03
6,510,1.9528,0.2812,18:02:12
6,520,2.2190,0.3750,18:34:24
6,530,2.1508,0.2500,19:48:53
6,540,2.2158,0.2500,19:10:19
6,550,2.1003,0.2812,17:51:20
6,560,2.3709,0.2500,17:30:18
6,570,2.2598,0.3750,18:05:45
6,580,2.0393,0.3438,18:49:43
6,590,2.3857,0.2812,18:28:03
6,600,2.1007,0.3438,17:23:49
6,610,2.2235,0.2188,16:57:38
6,620,2.3213,0.2500,17:48:16
6,630,2.0246,0.2812,18:23:56
6,640,2.1822,0.2812,18:45:38
6,650,2.1400,0.1250,18:26:40
6,660,2.4117,0.3438,16:55:11
6,670,2.0595,0.2500,16:50:45
6,680,2.7200,0.2188,17:37:47
6,690,2.0994,0.3438,18:21:50
6,700,2.7587,0.1562,18:46:14
6,710,2.8315,0.2188,17:46:52
6,720,2.6805,0.1875,16:58:17
6,730,2.4900,0.1250,17:00:01
6,740,2.2134,0.1875,17:35:53
6,750,2.0328,0.3125,18:27:56
6,760,2.0252,0.4062,19:03:05
6,770,2.2918,0.3750,17:42:09
6,780,1.9644,0.4375,16:29:05
6,790,2.4012,0.1875,17:21:11
6,800,2.0079,0.5000,17:53:20
6,810,1.7405,0.4062,18:22:30
6,820,2.1330,0.1875,18:59:08
6,830,1.9981,0.3125,17:27:16
6,840,2.0292,0.3438,16:31:13
6,850,2.0193,0.3750,16:46:41
6,860,2.5178,0.0625,17:27:31
6,870,2.3893,0.2188,17:53:34
6,880,1.9099,0.2500,18:37:40
6,890,2.6608,0.3438,18:26:43
6,900,2.3345,0.2500,17:15:34
6,910,2.0698,0.3750,16:55:11
6,920,1.7942,0.4375,17:35:15
6,930,1.6902,0.2812,18:07:03
6,940,2.3355,0.2500,18:46:06
6,950,2.3307,0.2500,18:00:16
6,960,2.1538,0.2500,16:46:19
6,970,2.2141,0.3125,17:39:25
6,980,2.2559,0.1562,18:04:46
6,990,2.2077,0.4062,18:29:24
6,1000,2.1172,0.1875,20:11:45
6,1010,2.3066,0.3125,19:04:02
6,1020,2.0903,0.3125,16:58:07
6,1030,1.8939,0.3438,17:02:01
6,1040,1.9710,0.4062,19:15:38
6,1050,2.3105,0.2500,19:52:45
6,1060,2.0672,0.5000,18:45:06
6,1070,2.0638,0.2188,18:18:41
6,1080,2.6683,0.2188,17:26:33
6,1090,1.5883,0.4688,17:06:47
6,1100,2.1628,0.2188,18:02:58
6,1110,2.5386,0.2500,17:31:24
6,1120,1.9330,0.4062,18:07:27
6,1130,1.8953,0.3750,19:09:31
6,1140,1.9485,0.3438,17:59:48
6,1150,2.2820,0.2500,18:01:32
6,1160,2.8202,0.1250,16:56:52
6,1170,1.9439,0.3438,17:42:30
6,1180,2.2960,0.4062,18:13:22
6,1190,2.3445,0.3125,20:03:29
6,1200,1.8560,0.4062,17:37:48
6,1210,2.0478,0.3125,17:14:08
6,1220,2.2056,0.3125,18:00:03
6,1230,2.0757,0.3125,18:41:42
6,1240,2.4446,0.2812,17:33:53
6,1250,2.2012,0.2188,17:05:48
6,1260,2.1120,0.2812,16:21:03
6,1270,2.0279,0.2812,17:13:10
6,1280,2.3508,0.1250,17:28:20
6,1290,2.1733,0.2812,18:09:30
6,1300,2.3988,0.1875,19:21:06
6,1310,2.3585,0.2812,17:55:31
6,1320,2.6753,0.3438,16:36:06
6,1330,1.9833,0.2812,17:24:06
6,1340,2.0912,0.3438,17:47:14
6,1350,2.1788,0.1562,17:57:32
6,1360,2.3998,0.2500,19:21:57
6,1370,1.8004,0.4062,19:46:27
6,1380,1.7218,0.4375,17:47:58
6,1390,2.5890,0.2500,17:01:58
6,1400,1.9640,0.3125,18:51:55
6,1410,2.2822,0.3438,18:16:47
6,1420,2.0450,0.3125,19:38:14
6,1430,2.4718,0.2812,17:25:28
6,1440,2.4242,0.1875,18:10:32
6,1450,2.2632,0.2188,18:17:02
6,1460,2.0899,0.4062,19:07:37
6,1470,2.4714,0.1562,18:15:58
6,1480,2.3055,0.3125,17:21:00
6,1490,2.0479,0.2812,20:03:39
6,1500,2.0649,0.3750,18:33:48
6,1510,2.1120,0.3125,18:42:28
6,1520,2.5401,0.2500,17:07:19
6,1530,2.2186,0.3750,17:14:08
6,1540,2.4992,0.3438,17:48:26
6,1550,2.4518,0.2812,18:45:44
6,1560,2.3712,0.2812,19:10:56
6,1570,1.9150,0.3125,19:45:36
6,1580,1.7713,0.2188,18:09:04
6,1590,2.0145,0.4062,17:06:08
6,1600,1.9309,0.2812,18:52:31
6,1610,2.0100,0.4688,18:18:06
6,1620,2.2442,0.5312,19:12:57
6,1630,1.7361,0.3750,19:10:04
6,1640,2.3057,0.3125,18:08:58
6,1650,2.3241,0.3125,18:53:28
6,1660,2.2425,0.3750,17:38:20
6,1670,2.1344,0.4062,18:00:02
6,1680,2.0514,0.3750,18:23:30
6,1690,2.1976,0.3125,19:04:07
6,1700,1.9915,0.2188,19:34:52
6,1710,2.1026,0.3125,18:56:51
6,1720,2.4632,0.3438,17:37:23
6,1730,2.2523,0.1250,18:34:51
6,1740,2.0499,0.5000,18:42:11
6,1750,1.9434,0.2812,19:56:04
6,1760,1.8633,0.5000,18:20:57
6,1770,2.0462,0.4375,18:52:53
6,1780,2.0544,0.4062,18:44:39
6,1790,2.6667,0.1250,18:30:48
6,1800,1.7981,0.4062,20:46:23
6,1810,2.4484,0.3125,22:16:25
6,1820,2.1825,0.2188,19:54:21
6,1830,2.4542,0.2500,00:13:26
6,1840,2.4695,0.1250,19:11:45
6,1850,1.5997,0.4062,20:08:52
6,1860,2.0688,0.2812,19:45:53
6,1870,1.9490,0.3438,20:13:44
6,1880,2.5481,0.2500,19:50:52
6,1890,2.2311,0.1562,20:05:22
6,1900,2.4408,0.1875,19:35:57
6,1910,2.1639,0.3750,19:05:41
6,1920,2.4552,0.3438,04:49:00
6,1930,2.4280,0.3438,18:00:55
6,1940,1.8894,0.2812,21:42:41
6,1950,1.9218,0.3750,17:27:44
6,1960,1.7633,0.4375,16:38:00
6,1970,2.0711,0.4688,16:03:02
6,1980,1.8592,0.4062,17:31:03
6,1990,1.7858,0.4062,17:49:23
6,2000,1.9407,0.3438,19:05:13
6,2010,2.2153,0.4688,18:55:28
6,2020,2.3746,0.2812,18:31:29
6,2030,2.2378,0.3125,19:44:41
6,2040,1.8833,0.4688,19:12:46
6,2050,1.9624,0.4375,18:29:43
6,2060,2.2903,0.4062,20:15:58
6,2070,1.8737,0.4062,18:18:38
6,2080,1.8388,0.4062,18:34:47
6,2090,2.0476,0.4688,17:48:07
6,2100,1.8299,0.4375,19:04:59
6,2110,1.7937,0.3438,20:08:00
6,2120,2.2255,0.2500,18:56:28
6,2130,2.3202,0.2188,18:32:53
6,2140,2.4459,0.3125,17:56:20
6,2150,2.3623,0.2188,20:23:20
6,2160,2.2127,0.3125,18:55:21
6,2170,2.6662,0.3125,17:39:09
6,2180,2.2934,0.4375,17:39:13
6,2190,2.6994,0.2812,20:03:34
6,2200,2.4606,0.3125,16:38:56
6,2210,2.2939,0.3750,18:09:53
6,2220,2.5375,0.3125,17:34:15
6,2230,2.6251,0.2188,19:16:40
6,2240,2.6012,0.2500,18:31:47
6,2250,2.8374,0.1250,18:44:22
6,2260,2.2090,0.3750,19:17:44
6,2270,2.2690,0.3438,18:19:18
6,2280,2.6144,0.2188,19:22:35
6,2290,2.1482,0.2812,18:51:25
6,2300,2.4075,0.4062,20:53:42
6,2310,2.4507,0.2812,17:18:03
6,2320,2.5698,0.2500,16:55:03
6,2330,2.4475,0.2812,17:31:00
6,2340,2.3408,0.2812,18:06:51
6,2350,1.7706,0.3750,18:00:25
6,2360,1.6356,0.4375,18:21:13
Epoch 6, Average Loss: 2.2208, Validation Accuracy: 0.0119
7,0,4.8419,0.0000,20:27:01
7,10,3.3046,0.0312,16:35:10
7,20,2.2234,0.2812,16:26:40
7,30,2.2176,0.3750,16:03:41
7,40,1.9413,0.3125,15:54:40
7,50,1.9821,0.5000,16:29:41
7,60,1.7846,0.4062,16:05:07
7,70,2.0178,0.3438,16:07:21
7,80,2.2945,0.1875,15:11:21
7,90,2.1229,0.3750,15:13:06
7,100,2.3389,0.2500,18:07:35
7,110,2.2435,0.1250,18:15:58
7,120,2.3081,0.2812,18:50:18
7,130,1.9617,0.2812,19:03:12
7,140,1.7828,0.4375,15:49:05
7,150,1.6215,0.4062,17:24:27
7,160,2.3481,0.3125,18:04:23
7,170,2.5390,0.3125,00:02:35
7,180,2.2930,0.2188,18:49:21
7,190,2.0334,0.4062,21:14:55
7,200,1.9820,0.3750,19:01:48
7,210,1.9619,0.4062,17:04:31
7,220,2.0061,0.2812,18:30:19
7,230,2.0199,0.3750,19:25:25
7,240,2.4071,0.2812,20:08:50
7,250,1.9766,0.2812,18:01:21
7,260,2.1724,0.4062,19:12:51
7,270,1.9639,0.2500,17:52:45
7,280,2.0502,0.3438,18:26:33
7,290,2.1939,0.4062,19:05:49
7,300,2.4055,0.2188,19:29:13
7,310,2.1273,0.2812,19:53:58
7,320,1.8086,0.4062,20:28:53
7,330,2.5521,0.3750,18:55:26
7,340,2.2064,0.3125,18:45:05
7,350,1.8634,0.4688,19:12:12
7,360,2.5307,0.2188,20:02:49
7,370,2.3036,0.2812,21:08:58
7,380,2.3184,0.3125,19:38:03
7,390,2.3413,0.1562,21:12:54
7,400,2.4461,0.2188,20:06:00
7,410,2.2348,0.2500,19:02:09
7,420,2.0670,0.3438,17:22:28
7,430,2.2599,0.3438,16:28:21
7,440,1.8370,0.2812,16:56:11
7,450,2.5765,0.2500,20:04:15
7,460,2.0966,0.3125,16:03:18
7,470,2.0477,0.4375,15:18:10
7,480,1.8002,0.4062,17:54:27
7,490,1.8532,0.4688,20:32:49
7,500,2.3527,0.3125,16:16:18
7,510,2.2657,0.3125,18:23:50
7,520,2.1676,0.3125,21:36:08
7,530,2.0992,0.3125,17:21:40
7,540,2.4378,0.1562,19:44:55
7,550,2.2435,0.2188,03:02:19
7,560,1.9845,0.3750,19:36:35
7,570,2.4381,0.2500,17:42:16
7,580,1.9767,0.3750,18:45:09
7,590,2.0522,0.2812,19:29:51
7,600,2.2545,0.1562,17:46:42
7,610,2.0886,0.2500,19:18:53
7,620,2.2435,0.2812,20:05:44
7,630,2.1820,0.1875,19:47:52
7,640,2.1265,0.3125,18:08:15
7,650,2.1583,0.2500,20:04:38
7,660,2.1795,0.3750,20:33:31
7,670,2.2100,0.2812,19:43:34
7,680,2.4426,0.2188,18:52:47
7,690,2.4640,0.3125,18:42:45
7,700,2.1858,0.1250,18:27:47
7,710,2.3378,0.2812,22:48:03
7,720,2.1588,0.2500,19:38:33
7,730,2.1831,0.4062,19:54:54
7,740,2.0104,0.2812,18:48:11
7,750,1.8048,0.4375,18:57:38
7,760,2.0076,0.4062,18:57:08
7,770,1.7229,0.4688,19:26:29
7,780,2.3792,0.3125,19:15:35
7,790,1.6963,0.3750,19:00:19
7,800,2.1792,0.3750,17:39:39
7,810,2.1049,0.3438,18:59:07
7,820,1.8288,0.3750,18:53:30
7,830,2.1838,0.2500,19:22:34
7,840,1.9389,0.4375,19:11:07
7,850,2.1134,0.2500,21:21:54
7,860,1.7588,0.3125,15:40:05
7,870,2.3592,0.1875,18:17:18
7,880,2.3464,0.3125,18:32:05
7,890,2.2568,0.4375,19:02:25
7,900,2.0333,0.2500,18:16:46
7,910,2.3369,0.3125,23:03:29
7,920,2.5740,0.2188,20:30:48
7,930,2.1592,0.4375,19:57:19
7,940,2.1858,0.2812,19:24:39
7,950,2.0244,0.2812,18:10:19
7,960,2.2715,0.2500,18:53:50
7,970,2.3969,0.2500,17:34:52
7,980,2.2285,0.1875,17:14:55
7,990,2.2113,0.3438,17:15:15
7,1000,1.8756,0.2500,17:35:39
7,1010,2.2475,0.2188,16:58:20
7,1020,1.9960,0.2500,18:19:00
7,1030,1.7149,0.5625,17:20:45
7,1040,2.4993,0.2188,16:37:30
7,1050,1.5193,0.5625,16:58:54
7,1060,2.3051,0.3125,15:32:26
7,1070,1.7392,0.4375,18:41:38
7,1080,2.3909,0.3750,17:42:40
7,1090,1.9131,0.4062,18:44:28
7,1100,1.8335,0.3438,17:54:31
7,1110,1.5086,0.4688,17:56:39
7,1120,2.0902,0.3438,18:40:33
7,1130,2.0387,0.3750,17:37:10
7,1140,1.7020,0.4375,17:27:36
7,1150,2.1651,0.4375,19:44:01
7,1160,2.1497,0.3438,19:16:21
7,1170,1.8889,0.5000,17:51:54
7,1180,1.9669,0.4062,17:54:32
7,1190,1.9383,0.3125,17:59:35
7,1200,2.2824,0.3125,17:24:31
7,1210,1.9478,0.2812,18:57:59
7,1220,2.2498,0.3438,17:50:38
7,1230,2.4170,0.1875,19:09:50
7,1240,2.3735,0.0625,18:47:46
7,1250,2.2169,0.2188,17:15:32
7,1260,2.1878,0.1250,17:47:56
7,1270,2.0998,0.1875,15:07:53
7,1280,2.2007,0.1562,15:15:15
7,1290,2.4701,0.2188,16:22:54
7,1300,2.4664,0.2812,15:03:36
7,1310,2.6266,0.1875,17:25:28
7,1320,1.9848,0.3750,18:21:00
7,1330,2.1208,0.2812,15:33:57
7,1340,2.4481,0.2500,16:43:23
7,1350,1.8753,0.3125,15:32:59
7,1360,2.2803,0.3438,17:03:03
7,1370,1.7025,0.3438,18:26:18
7,1380,1.9890,0.4375,17:30:24
7,1390,1.9555,0.4375,14:52:21
7,1400,1.9509,0.2812,16:27:40
7,1410,2.4970,0.2812,17:31:47
7,1420,1.9925,0.2812,17:44:26
7,1430,2.7045,0.3125,17:33:55
7,1440,2.0878,0.3125,18:41:53
7,1450,2.4315,0.2812,17:05:21
7,1460,1.9478,0.4062,17:58:13
7,1470,2.1124,0.2812,17:03:26
7,1480,1.7006,0.5000,18:00:41
7,1490,2.1837,0.3438,17:02:59
7,1500,1.8657,0.3438,18:20:54
7,1510,2.0977,0.3438,18:19:35
7,1520,2.0412,0.3438,18:27:23
7,1530,2.1323,0.3438,17:26:03
7,1540,1.6489,0.4062,17:19:19
7,1550,2.5216,0.2812,17:05:40
7,1560,2.1363,0.2188,17:26:14
7,1570,1.8416,0.4062,18:10:20
7,1580,2.4526,0.3438,17:21:13
7,1590,2.1801,0.2500,17:51:19
7,1600,2.3372,0.1875,17:48:14
7,1610,2.1032,0.4688,17:20:28
7,1620,1.7776,0.5312,17:21:06
7,1630,2.1735,0.2188,17:05:44
7,1640,2.5958,0.2812,19:31:34
7,1650,2.6831,0.2500,18:04:40
7,1660,2.5807,0.2188,16:56:37
7,1670,2.3096,0.2500,17:29:08
7,1680,2.0660,0.2812,18:00:17
7,1690,1.9669,0.3125,19:02:34
7,1700,2.1812,0.2500,18:23:43
7,1710,1.8247,0.3438,16:54:06
7,1720,2.3454,0.1875,17:20:28
7,1730,1.9141,0.3438,20:06:17
7,1740,1.9216,0.3750,15:14:03
7,1750,1.4014,0.5312,16:47:34
7,1760,2.0008,0.4688,15:30:02
7,1770,2.0572,0.3125,15:19:10
7,1780,1.7997,0.4688,16:30:12
7,1790,1.8328,0.3750,17:06:46
7,1800,1.8434,0.3125,18:03:46
7,1810,2.0395,0.3750,17:13:56
7,1820,2.1711,0.1562,17:19:24
7,1830,2.2982,0.2188,19:13:24
7,1840,1.9325,0.4375,18:57:22
7,1850,2.2013,0.2500,16:44:16
7,1860,2.1960,0.2188,16:51:19
7,1870,2.1346,0.1875,17:20:56
7,1880,2.5587,0.1250,16:04:11
7,1890,2.2788,0.2500,16:56:41
7,1900,2.1740,0.3750,17:34:25
7,1910,2.0881,0.4062,18:59:04
7,1920,2.3420,0.2500,19:01:04
7,1930,2.4491,0.2812,17:11:58
7,1940,1.5614,0.4375,18:03:12
7,1950,2.2741,0.4062,16:49:29
7,1960,1.6766,0.4688,18:01:56
7,1970,2.2052,0.3125,17:26:58
7,1980,1.8210,0.2812,18:34:50
7,1990,2.2793,0.3750,18:24:48
7,2000,1.9262,0.3750,18:54:22
7,2010,1.8887,0.5312,15:20:13
7,2020,2.1739,0.2812,16:03:44
7,2030,2.2941,0.2188,18:03:16
7,2040,1.8775,0.3750,17:15:11
7,2050,2.0641,0.3125,14:47:20
7,2060,1.8002,0.5000,16:56:20
7,2070,1.9262,0.3750,16:52:59
7,2080,2.2549,0.3125,17:37:14
7,2090,1.6647,0.4688,16:35:23
7,2100,2.2197,0.3125,16:41:38
7,2110,2.2441,0.3750,17:35:05
7,2120,1.7129,0.4062,18:43:06
7,2130,2.0941,0.4062,17:30:10
7,2140,2.3663,0.2500,18:29:34
7,2150,1.8031,0.4062,17:50:31
7,2160,2.4218,0.2500,18:14:14
7,2170,2.7818,0.1562,17:44:19
7,2180,2.4856,0.3750,17:41:51
7,2190,2.2391,0.2500,17:40:11
7,2200,1.9691,0.3438,17:01:37
7,2210,2.5000,0.1875,18:08:26
7,2220,2.2862,0.2500,16:21:04
7,2230,2.4639,0.3438,17:40:27
7,2240,2.4100,0.2188,16:15:18
7,2250,2.1630,0.2188,16:09:15
7,2260,2.2935,0.3125,16:19:46
7,2270,2.4555,0.2812,18:20:28
7,2280,2.5729,0.2812,17:29:49
7,2290,2.2567,0.3125,17:18:19
7,2300,2.4989,0.1875,16:10:12
7,2310,2.5242,0.2500,16:13:01
7,2320,2.4154,0.2812,17:03:14
7,2330,2.3079,0.2188,19:02:44
7,2340,2.0239,0.2812,20:09:37
7,2350,1.7491,0.4688,17:20:49
7,2360,1.6231,0.6562,17:23:33
Epoch 7, Average Loss: 2.1274, Validation Accuracy: 0.0116
8,0,4.9067,0.0000,00:35:38
8,10,3.1818,0.0938,18:25:15
8,20,1.8300,0.4688,21:13:41
8,30,1.9248,0.3750,18:29:06
8,40,1.9078,0.4062,18:15:06
8,50,1.8469,0.4688,15:56:36
8,60,1.3844,0.5000,20:28:26
8,70,2.2690,0.0938,18:16:12
8,80,2.1812,0.3125,21:54:03
8,90,2.2769,0.1562,17:56:48
8,100,2.3637,0.2188,15:21:40
8,110,2.1345,0.3125,17:28:56
8,120,1.9865,0.3750,16:24:09
8,130,1.7926,0.3750,16:24:24
8,140,2.2715,0.3438,17:15:49
8,150,1.9656,0.3750,20:15:06
8,160,2.2092,0.4062,17:00:56
8,170,1.9707,0.4375,16:31:23
8,180,2.1826,0.1875,15:54:26
8,190,2.1922,0.3125,17:07:56
8,200,2.3036,0.2812,17:09:09
8,210,2.4009,0.0312,16:08:21
8,220,1.8091,0.4375,17:37:45
8,230,1.8149,0.5000,19:03:19
8,240,2.2831,0.2812,18:23:22
8,250,1.6948,0.3125,15:31:10
8,260,1.8741,0.5312,15:24:39
8,270,1.9751,0.2188,16:21:44
8,280,2.1013,0.2188,16:36:18
8,290,1.9391,0.3438,16:06:38
8,300,1.6935,0.4375,17:16:55
8,310,2.5815,0.2500,18:21:07
8,320,2.3796,0.0938,15:54:16
8,330,2.3577,0.2812,16:06:26
8,340,1.8088,0.4375,17:05:05
8,350,2.4791,0.1875,17:42:29
8,360,1.8104,0.4062,16:25:25
8,370,1.9998,0.2812,17:14:49
8,380,2.3872,0.3125,18:29:12
8,390,2.1146,0.2812,16:28:47
8,400,1.8417,0.2812,15:59:50
8,410,1.5517,0.4688,17:23:54
8,420,1.8830,0.4688,17:32:38
8,430,2.3005,0.1875,17:35:58
8,440,2.0773,0.3125,16:24:25
8,450,2.4291,0.2188,16:01:52
8,460,2.0826,0.2500,15:58:14
8,470,1.7215,0.3438,16:57:04
8,480,2.1950,0.2188,14:56:15
8,490,1.8470,0.5938,15:43:33
8,500,2.0090,0.5625,16:24:11
8,510,2.2129,0.3438,15:01:22
8,520,2.6485,0.2500,17:15:48
8,530,1.8553,0.3750,16:19:53
8,540,2.2661,0.2812,17:12:47
8,550,1.9580,0.2812,19:20:37
8,560,1.6177,0.4688,14:08:52
8,570,2.0455,0.3438,13:28:07
8,580,2.2072,0.3750,16:42:25
8,590,2.3143,0.3438,16:25:38
8,600,2.2473,0.2188,18:11:25
8,610,2.3109,0.1875,22:51:29
8,620,2.4540,0.3438,16:09:20
8,630,2.2734,0.3750,16:00:13
8,640,2.5678,0.2500,18:49:26
8,650,2.0605,0.2188,20:24:55
8,660,2.3232,0.2500,17:42:45
8,670,1.8546,0.2812,17:13:09
8,680,1.9494,0.3750,17:09:02
8,690,2.5343,0.3125,17:24:20
8,700,2.1442,0.2812,17:53:39
8,710,2.2680,0.3438,18:03:34
8,720,2.3793,0.1875,22:36:39
8,730,2.2875,0.1562,03:47:22
8,740,2.1960,0.3125,18:21:35
8,750,1.7848,0.5312,16:02:38
8,760,1.7399,0.5312,17:23:22
8,770,1.7785,0.4375,14:54:53
8,780,2.0979,0.4062,16:02:58
8,790,1.9136,0.3750,13:44:36
8,800,2.5369,0.2500,15:06:33
8,810,2.2157,0.1875,16:03:28
8,820,2.1512,0.2812,17:11:44
8,830,1.9919,0.3438,16:07:31
8,840,1.5426,0.3750,16:48:07
8,850,2.0543,0.3125,17:12:43
8,860,2.1128,0.2500,16:52:12
8,870,2.0292,0.2500,17:43:34
8,880,2.0467,0.2500,17:13:50
8,890,2.1010,0.5000,17:03:40
8,900,2.3362,0.2188,18:27:50
8,910,1.6714,0.4688,18:45:05
8,920,2.2183,0.2812,19:20:41
8,930,2.0377,0.4062,17:26:42
8,940,2.9800,0.2188,17:20:36
8,950,2.4557,0.2188,17:03:15
8,960,1.8888,0.3750,16:50:33
8,970,2.4982,0.3125,15:47:21
8,980,2.5577,0.2500,17:06:27
8,990,1.9780,0.4062,16:16:32
8,1000,1.9281,0.3125,16:00:45
8,1010,1.6072,0.5000,17:47:49
8,1020,2.1680,0.2812,16:11:20
8,1030,1.9506,0.4688,16:03:36
8,1040,2.1087,0.2812,16:32:53
8,1050,1.8402,0.2500,16:10:29
8,1060,2.2191,0.3125,16:11:38
8,1070,1.7742,0.4688,17:27:02
8,1080,2.0959,0.3750,16:15:17
8,1090,2.0309,0.2188,15:17:00
8,1100,1.7853,0.4062,18:10:17
8,1110,2.1232,0.2500,16:33:48
8,1120,1.5255,0.4375,17:23:03
8,1130,1.6391,0.5000,17:03:46
8,1140,1.7581,0.5000,16:38:29
8,1150,2.3771,0.3750,17:55:56
8,1160,2.2238,0.3125,17:35:31
8,1170,2.0396,0.4375,16:58:19
8,1180,2.2481,0.2188,15:46:34
8,1190,1.9837,0.3750,14:43:05
8,1200,2.2539,0.2812,19:17:39
8,1210,1.8350,0.2812,17:40:35
8,1220,2.2229,0.3125,16:14:55
8,1230,2.7054,0.1875,16:09:13
8,1240,2.2767,0.2500,17:53:10
8,1250,1.8092,0.3750,15:44:35
8,1260,1.7559,0.4375,16:37:04
8,1270,1.7162,0.4688,15:26:44
8,1280,2.1868,0.2188,15:43:08
8,1290,2.0600,0.3125,17:43:14
8,1300,2.2277,0.2500,18:11:14
8,1310,2.1786,0.1562,18:53:19
8,1320,2.7717,0.1250,18:25:38
8,1330,1.9921,0.2812,16:55:03
8,1340,1.9866,0.4062,15:43:32
8,1350,1.9765,0.2812,17:40:54
8,1360,2.0052,0.4375,18:53:37
8,1370,1.8048,0.4062,16:53:06
8,1380,1.9762,0.3125,14:25:38
8,1390,2.0791,0.3125,15:38:16
8,1400,1.7828,0.2812,16:22:18
8,1410,1.9700,0.3438,15:40:04
8,1420,2.0626,0.3438,12:47:49
8,1430,2.1861,0.2500,15:36:28
8,1440,2.0608,0.2188,15:04:45
8,1450,1.9060,0.4375,14:17:48
8,1460,1.8323,0.3438,16:39:41
8,1470,1.9017,0.3125,16:12:34
8,1480,2.4020,0.2500,15:14:30
8,1490,1.9968,0.2188,15:27:07
8,1500,1.9646,0.3750,15:12:12
8,1510,2.2037,0.2500,16:16:53
8,1520,2.1133,0.3125,13:49:49
8,1530,1.8462,0.4062,15:21:57
8,1540,1.6316,0.4062,17:48:03
8,1550,1.9389,0.3438,15:12:59
8,1560,1.6624,0.3438,16:08:00
8,1570,2.2638,0.3438,15:05:14
8,1580,1.6504,0.4375,15:07:10
8,1590,1.5469,0.5625,17:15:04
8,1600,1.9672,0.4062,17:02:02
8,1610,1.7803,0.6250,14:34:18
8,1620,1.7494,0.5312,13:46:06
8,1630,1.7668,0.5000,16:33:22
8,1640,1.8359,0.4375,18:07:26
8,1650,2.3469,0.3125,14:16:40
8,1660,1.7425,0.5312,13:33:32
8,1670,2.2357,0.5000,16:19:30
8,1680,2.0014,0.3125,14:26:24
8,1690,2.0978,0.4375,15:50:18
8,1700,1.8965,0.2812,16:13:33
8,1710,2.0433,0.3125,15:19:16
8,1720,2.2423,0.2812,14:55:11
8,1730,2.1553,0.2812,15:11:57
8,1740,1.7493,0.3438,17:03:31
8,1750,1.6789,0.5938,14:12:14
8,1760,2.0270,0.3750,13:00:19
8,1770,2.3294,0.3750,14:16:32
8,1780,2.1268,0.3750,14:04:26
8,1790,2.2137,0.3125,14:20:44
8,1800,1.8596,0.4062,13:05:47
8,1810,1.9919,0.4062,12:59:35
8,1820,1.8966,0.3750,13:00:43
8,1830,1.7465,0.3125,14:23:13
8,1840,2.3629,0.2188,12:54:58
8,1850,2.1779,0.2812,16:53:56
8,1860,1.7927,0.4375,16:13:07
8,1870,2.0321,0.2188,15:32:36
8,1880,2.2926,0.3438,17:09:06
8,1890,1.9126,0.2812,15:04:45
8,1900,2.3440,0.2500,15:13:59
8,1910,1.5832,0.2500,15:31:06
8,1920,1.5994,0.4375,15:15:37
8,1930,2.2495,0.2188,15:35:04
8,1940,2.0420,0.3438,15:14:36
8,1950,2.0762,0.4688,16:04:49
8,1960,1.8400,0.4062,16:01:56
8,1970,1.7460,0.4688,16:01:08
8,1980,1.8001,0.4062,20:38:57
8,1990,1.9371,0.4062,15:16:07
8,2000,1.5987,0.5000,13:21:13
8,2010,2.4271,0.2500,15:51:31
8,2020,2.2180,0.2500,15:29:07
8,2030,1.9825,0.2500,17:20:03
8,2040,1.5377,0.5312,14:59:06
8,2050,1.7147,0.5625,14:41:04
8,2060,1.9216,0.5000,14:35:18
8,2070,1.8109,0.3438,14:53:54
8,2080,1.9372,0.3438,15:22:34
8,2090,1.5244,0.5625,14:26:11
8,2100,1.9499,0.4375,14:28:23
8,2110,2.0779,0.3125,14:29:30
8,2120,1.9868,0.2500,14:28:51
8,2130,1.9797,0.4375,14:16:26
8,2140,2.1939,0.3438,14:31:49
8,2150,2.0388,0.3438,14:27:07
8,2160,2.5641,0.4375,14:45:03
8,2170,1.9198,0.4062,14:08:35
8,2180,1.9958,0.4062,14:25:44
8,2190,2.1629,0.2812,18:03:47
8,2200,1.8411,0.4062,15:10:13
8,2210,2.2135,0.2500,16:51:40
8,2220,2.2211,0.2188,15:40:47
8,2230,2.4791,0.2812,18:02:50
8,2240,2.1664,0.2500,16:52:51
8,2250,2.1765,0.3438,16:45:42
8,2260,2.2389,0.3438,15:14:11
8,2270,2.2135,0.4375,16:07:10
8,2280,2.7539,0.1562,13:58:21
8,2290,2.1783,0.3125,17:20:22
8,2300,2.5515,0.2500,14:53:57
8,2310,1.8542,0.3438,14:10:14
8,2320,2.2976,0.2812,14:34:34
8,2330,2.0740,0.2188,16:44:41
8,2340,1.9574,0.3125,13:41:06
8,2350,1.9612,0.3438,16:19:33
8,2360,1.3217,0.5625,13:56:06
Epoch 8, Average Loss: 2.0543, Validation Accuracy: 0.0128
9,0,4.6919,0.0000,20:00:11
9,10,2.6901,0.1562,15:00:31
9,20,1.8359,0.5000,14:47:24
9,30,1.3436,0.5312,16:04:19
9,40,1.5242,0.5000,14:53:45
9,50,2.3096,0.2812,15:54:06
9,60,1.5359,0.4688,14:46:04
9,70,2.0058,0.3438,14:41:20
9,80,2.0612,0.2500,15:54:48
9,90,1.8644,0.3125,16:08:38
9,100,2.0573,0.1562,15:23:37
9,110,2.0905,0.2188,13:54:50
9,120,1.6523,0.5000,14:25:25
9,130,2.0586,0.2500,16:18:23
9,140,2.1805,0.3750,15:57:47
9,150,1.3581,0.7500,16:33:08
9,160,1.9093,0.4375,14:07:55
9,170,2.0646,0.3438,12:45:29
9,180,1.4223,0.4375,13:39:29
9,190,2.2724,0.3438,14:43:24
9,200,1.7346,0.3125,14:53:24
9,210,2.1517,0.3125,15:11:59
9,220,2.4946,0.3750,16:51:44
9,230,1.8423,0.4062,14:45:56
9,240,2.3111,0.2500,15:09:10
9,250,1.7728,0.2812,16:07:13
9,260,2.1518,0.3750,12:46:48
9,270,1.4963,0.4062,15:24:13
9,280,2.0871,0.3750,15:55:29
9,290,2.0240,0.3750,14:54:16
9,300,1.8477,0.4375,19:36:53
9,310,1.8296,0.4062,15:50:11
9,320,1.9011,0.3125,15:06:06
9,330,1.7877,0.4062,16:34:00
9,340,2.1376,0.2812,15:37:43
9,350,2.2749,0.3125,15:46:26
9,360,2.1631,0.2500,16:45:57
9,370,2.0390,0.2500,15:44:47
9,380,2.2027,0.2812,15:59:01
9,390,2.0876,0.2188,15:52:11
9,400,2.1200,0.2812,12:48:03
9,410,2.0270,0.3438,13:26:17
9,420,1.8663,0.4062,13:36:56
9,430,1.7516,0.5000,15:43:20
9,440,2.0053,0.3750,13:45:48
9,450,2.2382,0.2812,14:43:15
9,460,1.6892,0.5000,21:05:48
9,470,1.6849,0.5000,15:16:43
9,480,1.9742,0.3750,16:13:38
9,490,1.7977,0.5312,14:07:27
9,500,1.7745,0.5625,19:48:13
9,510,2.2111,0.2500,15:14:55
9,520,2.3233,0.2500,17:54:33
9,530,2.1643,0.1875,18:07:07
9,540,2.0925,0.3438,14:49:21
9,550,1.8924,0.2812,14:08:00
9,560,1.8805,0.3750,14:12:51
9,570,2.2253,0.3125,12:30:40
9,580,2.0186,0.3438,14:08:00
9,590,2.0383,0.4375,15:10:11
9,600,1.8954,0.3438,15:27:46
9,610,1.9889,0.3125,17:38:08
9,620,2.2131,0.3438,15:23:49
9,630,2.1979,0.2500,13:52:46
9,640,2.3985,0.2812,15:50:40
9,650,1.9526,0.2500,14:09:26
9,660,2.0930,0.4375,14:07:33
9,670,2.4373,0.2500,16:27:38
9,680,2.4277,0.3438,01:03:04
9,690,1.8257,0.4375,15:55:56
9,700,2.4220,0.2500,17:09:53
9,710,2.4343,0.2812,16:38:22
9,720,2.0574,0.1875,15:04:31
9,730,2.7918,0.1875,14:38:11
9,740,1.8808,0.3125,19:44:22
9,750,1.5808,0.5000,14:52:26
9,760,1.3919,0.5625,14:05:12
9,770,2.1508,0.3125,13:41:00
9,780,1.4817,0.5312,14:18:05
9,790,1.5523,0.5938,16:26:41
9,800,1.8527,0.4062,13:40:21
9,810,1.5349,0.5000,12:42:18
9,820,1.7399,0.4062,13:33:27
9,830,1.8157,0.4375,15:38:31
9,840,1.7596,0.2812,15:07:14
9,850,2.2161,0.3438,13:46:41
9,860,2.3323,0.1875,15:09:46
9,870,2.0754,0.2500,15:28:20
9,880,1.7254,0.4688,13:34:43
9,890,2.3307,0.3750,13:05:51
9,900,2.0639,0.3125,13:55:47
9,910,1.7516,0.5000,15:37:09
9,920,1.9338,0.2812,17:04:53
9,930,1.5868,0.5000,15:08:43
9,940,2.4210,0.2500,14:02:21
9,950,2.1227,0.2812,14:21:26
9,960,2.1785,0.3438,15:00:48
9,970,1.7342,0.3750,15:48:23
9,980,1.9154,0.3750,13:28:54
9,990,2.2390,0.4375,15:45:53
9,1000,2.0739,0.1875,14:24:06
9,1010,1.9624,0.3750,14:02:57
9,1020,1.7845,0.3750,13:35:31
9,1030,1.8624,0.4062,11:47:59
9,1040,1.8592,0.4688,12:27:17
9,1050,1.9885,0.3438,21:57:19
9,1060,2.1045,0.3750,13:02:58
9,1070,2.0011,0.2812,14:36:53
9,1080,1.8115,0.5625,13:28:01
9,1090,1.8418,0.3438,14:05:17
9,1100,2.0227,0.3438,14:03:34
9,1110,1.7581,0.4688,17:01:13
9,1120,1.9680,0.4688,13:46:47
9,1130,1.8028,0.4375,14:13:43
9,1140,1.7553,0.4375,14:52:50
9,1150,1.8397,0.5000,12:14:47
9,1160,1.6667,0.4375,14:45:04
9,1170,1.9433,0.3750,13:53:11
9,1180,2.0436,0.2812,13:40:38
9,1190,1.5846,0.3438,15:47:10
9,1200,2.1042,0.3750,17:15:56
9,1210,1.6656,0.5000,15:46:21
9,1220,1.9682,0.4375,16:37:27
9,1230,2.0642,0.3438,16:17:35
9,1240,2.0103,0.3125,14:38:05
9,1250,2.3892,0.1875,16:05:47
9,1260,2.1322,0.2188,15:19:54
9,1270,2.3878,0.2812,14:44:23
9,1280,1.8208,0.3750,16:46:46
9,1290,2.0634,0.2812,15:08:17
9,1300,2.2053,0.1875,16:04:01
9,1310,2.0701,0.3438,15:31:19
9,1320,1.9190,0.3438,16:49:58
9,1330,2.1295,0.2812,13:53:49
9,1340,2.2269,0.2812,14:00:32
9,1350,1.9320,0.2188,13:41:49
9,1360,2.2955,0.2812,13:14:31
9,1370,2.3104,0.1562,13:46:23
9,1380,2.0044,0.4375,14:01:28
9,1390,2.1433,0.3438,12:16:33
9,1400,1.9026,0.3125,13:47:03
9,1410,2.2417,0.3750,14:31:03
9,1420,2.1026,0.1875,14:36:04
9,1430,2.1334,0.3125,15:13:47
9,1440,2.0056,0.2500,13:55:06
9,1450,1.8820,0.3125,14:15:48
9,1460,2.0780,0.4375,15:50:24
9,1470,2.0052,0.2188,14:30:27
9,1480,2.0495,0.3438,16:02:11
9,1490,2.0901,0.3125,17:23:46
9,1500,2.3170,0.2500,13:43:44
9,1510,2.1087,0.3125,14:58:48
9,1520,2.0991,0.3438,14:08:51
9,1530,2.2272,0.2500,14:44:37
9,1540,1.3779,0.5938,13:07:07
9,1550,1.4748,0.6250,13:35:41
9,1560,1.8429,0.3125,15:16:32
9,1570,1.9817,0.3438,12:35:48
9,1580,2.2103,0.1875,21:08:11
9,1590,2.0767,0.4062,12:17:51
9,1600,1.8725,0.4062,14:44:46
9,1610,1.7534,0.5625,14:22:09
9,1620,2.2103,0.3125,12:12:32
9,1630,1.6351,0.5312,14:37:09
9,1640,2.3067,0.2188,11:47:42
9,1650,1.9920,0.4688,15:55:21
9,1660,2.2218,0.2812,14:18:02
9,1670,1.8780,0.3750,14:48:53
9,1680,2.0587,0.2812,13:04:09
9,1690,2.1694,0.3750,13:42:53
9,1700,1.9080,0.3750,14:19:44
9,1710,1.7884,0.5000,12:45:58
9,1720,1.6755,0.3750,13:32:30
9,1730,1.8637,0.4062,13:59:36
9,1740,1.8111,0.5000,12:11:07
9,1750,1.5040,0.6562,18:06:48
9,1760,2.2110,0.3438,13:19:02
9,1770,2.2574,0.3750,14:45:46
9,1780,1.8177,0.3438,14:44:12
9,1790,1.8478,0.3438,13:29:00
9,1800,1.6500,0.3438,14:27:27
9,1810,1.7134,0.4375,13:51:11
9,1820,1.7802,0.2188,13:30:27
9,1830,2.3677,0.2500,13:42:33
9,1840,1.9050,0.4062,12:55:32
9,1850,1.8457,0.3438,13:08:36
9,1860,2.1823,0.3125,12:40:45
9,1870,1.8004,0.1875,12:15:28
9,1880,2.1689,0.3125,15:11:53
9,1890,1.9774,0.2188,13:13:14
9,1900,2.1384,0.4375,13:14:27
9,1910,1.9861,0.2812,17:32:42
9,1920,1.6949,0.4688,13:14:40
9,1930,2.1598,0.3125,13:57:17
9,1940,2.0539,0.3750,14:47:49
9,1950,2.0631,0.4062,13:26:47
9,1960,1.8102,0.4062,13:53:20
9,1970,2.0492,0.4375,13:08:36
9,1980,1.8218,0.3125,13:38:09
9,1990,1.8687,0.3750,13:21:32
9,2000,1.9357,0.4062,13:32:09
9,2010,2.2139,0.3750,14:01:39
9,2020,1.5660,0.4062,13:29:05
9,2030,2.1613,0.2500,14:17:33
9,2040,2.1592,0.3125,13:29:46
9,2050,2.1178,0.4688,14:02:34
9,2060,1.9978,0.5000,13:20:53
9,2070,1.5227,0.4688,13:10:05
9,2080,1.4519,0.6562,13:12:56
9,2090,2.2034,0.2500,13:07:15
9,2100,2.1489,0.2500,13:25:21
9,2110,1.6059,0.4062,11:47:31
9,2120,1.7328,0.3125,12:13:11
9,2130,1.8936,0.4062,12:15:37
9,2140,2.0991,0.2812,13:09:12
9,2150,1.8574,0.2812,13:17:25
9,2160,2.2636,0.3125,13:54:12
9,2170,2.2730,0.2500,13:15:41
9,2180,1.9281,0.4688,13:19:23
9,2190,2.2871,0.2812,13:44:34
9,2200,1.6673,0.4688,12:48:42
9,2210,1.9692,0.3438,13:34:18
9,2220,2.4612,0.1562,12:45:49
9,2230,2.1629,0.4688,11:08:44
9,2240,1.8274,0.5000,11:04:32
9,2250,1.6449,0.5625,11:24:46
9,2260,1.9451,0.2812,11:18:30
9,2270,1.9708,0.3438,11:10:50
9,2280,2.4782,0.1875,11:01:41
9,2290,1.5946,0.4688,12:38:58
9,2300,2.5035,0.2188,13:00:25
9,2310,2.1167,0.2188,13:57:54
9,2320,1.7396,0.5312,13:15:12
9,2330,2.3002,0.1875,13:50:43
9,2340,1.4120,0.5312,12:41:30
9,2350,1.6093,0.4375,12:45:51
9,2360,1.5746,0.5312,13:12:26
Epoch 9, Average Loss: 1.9924, Validation Accuracy: 0.0123
10,0,4.8486,0.0000,13:58:50
10,10,2.7439,0.0000,14:58:19
10,20,1.9487,0.5938,13:48:26
10,30,1.2406,0.5312,14:01:20
10,40,1.5124,0.4688,13:22:10
10,50,1.7590,0.4688,13:31:44
10,60,1.7186,0.4062,14:10:10
10,70,1.8069,0.4375,14:47:09
10,80,2.1265,0.3125,14:00:34
10,90,1.6976,0.3750,14:43:36
10,100,2.4767,0.1562,14:35:19
10,110,2.2580,0.0938,13:52:20
10,120,1.8677,0.4375,14:02:59
10,130,1.8734,0.4062,14:40:58
10,140,1.8521,0.4688,13:22:13
10,150,1.6040,0.4375,13:57:33
10,160,1.8929,0.5312,13:11:00
10,170,2.4317,0.2812,14:03:49
10,180,1.9360,0.2500,14:30:26
10,190,1.9155,0.3750,14:25:32
10,200,2.1362,0.3438,14:25:23
10,210,2.2829,0.1250,14:08:29
10,220,1.9301,0.3125,12:55:28
10,230,1.9539,0.3438,14:24:33
10,240,1.7995,0.5000,14:20:03
10,250,2.0638,0.3125,15:10:56
10,260,2.2184,0.2812,13:38:53
10,270,1.9405,0.2188,14:24:04
10,280,1.8850,0.4688,14:36:16
10,290,1.7296,0.4375,12:43:45
10,300,1.4380,0.4688,13:55:52
10,310,1.9822,0.3750,13:47:32
10,320,1.8149,0.4375,13:52:57
10,330,2.1264,0.4375,14:50:01
10,340,2.3591,0.2500,13:51:53
10,350,2.1052,0.1875,13:41:52
10,360,1.7672,0.3750,14:02:10
10,370,2.1886,0.3438,12:48:25
10,380,2.1866,0.3750,13:53:56
10,390,2.0263,0.2188,14:26:46
10,400,2.0882,0.3750,13:29:13
10,410,1.9975,0.2812,13:51:58
10,420,1.7991,0.4375,14:25:39
10,430,1.8734,0.4375,13:15:07
10,440,1.9573,0.4688,12:46:59
10,450,1.8393,0.3438,11:47:52
10,460,2.0860,0.2188,10:54:38
10,470,2.1923,0.3438,11:07:11
10,480,2.3406,0.2500,11:08:08
10,490,1.9881,0.4062,11:00:04
10,500,1.8906,0.4375,11:54:58
10,510,1.9267,0.3125,11:25:25
10,520,1.9914,0.2500,11:54:51
10,530,1.7777,0.3750,12:19:02
10,540,2.1916,0.2188,11:50:16
10,550,1.9594,0.2188,12:43:47
10,560,1.8655,0.4062,13:22:30
10,570,1.8266,0.3438,13:49:36
10,580,1.8200,0.3125,12:26:54
10,590,2.1669,0.3438,11:56:50
10,600,1.9218,0.3125,11:45:37
10,610,2.1005,0.2500,11:24:06
10,620,2.1902,0.2500,13:10:14
10,630,1.9045,0.3125,11:46:09
10,640,1.7016,0.4062,11:41:21
10,650,1.8444,0.2500,11:48:59
10,660,2.0058,0.4688,11:54:53
10,670,1.8746,0.3750,11:03:56
10,680,2.0093,0.4062,11:58:22
10,690,2.0179,0.4375,11:26:47
10,700,2.2668,0.3125,13:00:00
10,710,2.2570,0.1875,11:54:31
10,720,2.2075,0.1875,11:29:25
10,730,1.5108,0.5000,10:48:34
10,740,1.9160,0.2500,11:56:26
10,750,1.3649,0.5000,11:55:14
10,760,1.6189,0.5312,11:23:33
10,770,2.2631,0.3125,11:45:59
10,780,2.0422,0.3125,11:59:01
10,790,1.1386,0.7188,13:23:29
10,800,2.2626,0.4375,14:04:48
10,810,1.3336,0.4688,13:23:34
10,820,2.2508,0.2812,12:19:21
10,830,2.1928,0.3438,13:27:42
10,840,2.0035,0.2500,14:26:06
10,850,2.4354,0.4062,13:05:05
10,860,2.1226,0.1875,13:33:50
10,870,1.9424,0.3750,14:24:16
10,880,2.3199,0.2812,13:26:45
10,890,1.6475,0.4688,14:10:05
10,900,2.3467,0.2812,13:49:38
10,910,2.1760,0.3438,14:03:31
10,920,1.9320,0.4062,13:42:40
10,930,1.5003,0.4375,13:25:49
10,940,1.8229,0.4688,12:50:52
10,950,1.8987,0.2812,13:08:34
10,960,2.1481,0.2500,12:49:28
10,970,2.1777,0.3125,13:41:02
10,980,1.8821,0.2812,12:36:07
10,990,2.2292,0.2500,14:01:23
10,1000,1.7168,0.3750,13:39:43
10,1010,2.3135,0.2188,11:33:12
10,1020,1.6037,0.3438,10:23:02
10,1030,2.4343,0.3125,11:37:27
10,1040,2.2603,0.1875,11:03:46
10,1050,2.0681,0.4375,12:27:15
10,1060,1.8773,0.4062,11:27:28
10,1070,1.8965,0.6250,10:25:53
10,1080,1.7829,0.4688,11:05:29
10,1090,2.1952,0.2812,10:13:30
10,1100,2.0823,0.2812,11:15:28
10,1110,1.8785,0.3125,11:34:26
10,1120,1.7147,0.4062,10:22:03
10,1130,1.7744,0.4688,11:37:20
10,1140,1.7639,0.3438,10:26:51
10,1150,2.0662,0.3438,12:11:04
10,1160,1.7464,0.4375,11:00:56
10,1170,2.1290,0.1875,10:23:57
10,1180,2.1259,0.3125,10:25:24
10,1190,1.8919,0.5312,11:12:21
10,1200,1.7784,0.4688,11:29:05
10,1210,1.8834,0.3438,11:19:57
10,1220,2.3192,0.4062,10:11:50
10,1230,2.0063,0.3125,10:13:48
10,1240,1.7788,0.3125,11:25:59
10,1250,2.5396,0.1250,10:31:30
10,1260,1.8470,0.2812,13:15:30
10,1270,2.4657,0.1875,14:36:26
10,1280,1.9838,0.3125,12:49:54
10,1290,2.1425,0.3438,12:53:47
10,1300,2.3206,0.1562,12:55:15
10,1310,2.0655,0.3125,13:23:45
10,1320,2.3052,0.2812,13:02:15
10,1330,1.9918,0.2812,13:04:36
10,1340,2.0226,0.4062,11:50:35
10,1350,1.9458,0.2500,12:09:01
10,1360,2.1433,0.3438,12:50:08
10,1370,2.0707,0.3125,13:55:49
10,1380,1.8320,0.3438,13:00:57
10,1390,1.9138,0.4375,13:23:52
10,1400,1.8784,0.3125,13:38:32
10,1410,2.1780,0.2812,12:21:55
10,1420,1.8343,0.3750,12:18:37
10,1430,2.2641,0.4062,12:08:59
10,1440,2.1744,0.2500,11:10:37
10,1450,1.7020,0.3438,11:09:46
10,1460,2.0658,0.4688,10:42:21
10,1470,2.0566,0.2500,10:21:24
10,1480,2.0037,0.4062,12:15:27
10,1490,1.6891,0.4375,12:06:30
10,1500,1.8859,0.4375,12:49:38
10,1510,1.8246,0.4062,12:56:55
10,1520,2.0745,0.3438,10:13:05
10,1530,1.2818,0.6250,12:56:07
10,1540,1.7583,0.4062,13:35:55
10,1550,2.2513,0.3438,13:31:13
10,1560,1.6478,0.3438,12:04:25
10,1570,2.2993,0.3750,12:38:13
10,1580,1.8701,0.3438,13:00:54
10,1590,1.8043,0.4375,13:19:17
10,1600,1.7233,0.4062,12:44:07
10,1610,1.5480,0.6250,11:44:50
10,1620,2.0751,0.4375,12:50:50
10,1630,1.6662,0.5312,12:40:03
10,1640,1.9644,0.4375,13:15:32
10,1650,1.8709,0.4688,12:48:38
10,1660,1.9371,0.3750,13:20:27
10,1670,2.1652,0.2812,13:18:04
10,1680,2.0818,0.2188,13:23:39
10,1690,2.2595,0.2500,10:52:52
10,1700,1.7250,0.3750,10:11:56
10,1710,1.6293,0.4688,13:01:47
10,1720,2.0451,0.2500,12:07:37
10,1730,1.4992,0.6562,14:16:49
10,1740,1.6136,0.5312,13:14:39
10,1750,1.8595,0.2812,13:36:12
10,1760,1.4574,0.5000,13:09:07
10,1770,1.4091,0.6250,12:21:24
10,1780,2.3277,0.2500,12:24:33
10,1790,1.6677,0.3750,11:51:15
10,1800,1.4966,0.3125,13:23:09
10,1810,2.1925,0.2812,12:00:31
10,1820,1.5675,0.3750,12:39:11
10,1830,1.9117,0.3438,11:38:49
10,1840,1.8719,0.2812,11:37:20
10,1850,1.9776,0.2500,12:49:28
10,1860,1.7689,0.3438,13:13:18
10,1870,2.1136,0.1250,11:56:04
10,1880,2.3205,0.3438,13:07:02
10,1890,1.7850,0.4688,11:57:15
10,1900,1.7875,0.4688,12:18:35
10,1910,1.5843,0.5625,12:45:35
10,1920,2.1857,0.2500,12:48:30
10,1930,1.4147,0.4688,13:11:31
10,1940,1.4067,0.5312,10:45:55
10,1950,1.9971,0.3438,10:45:17
10,1960,1.4659,0.4375,10:04:29
10,1970,1.8078,0.5312,09:54:08
10,1980,1.9460,0.3125,09:43:07
10,1990,1.8032,0.3438,13:07:12
10,2000,1.7175,0.4688,12:32:30
10,2010,2.1386,0.4375,11:50:49
10,2020,2.4528,0.3125,13:23:23
10,2030,1.9336,0.3438,12:35:20
10,2040,2.1160,0.4062,11:42:12
10,2050,2.0099,0.3750,12:02:02
10,2060,1.8816,0.5312,12:29:08
10,2070,1.5538,0.5625,11:49:33
10,2080,1.9459,0.4375,12:48:19
10,2090,1.6571,0.5312,11:44:44
10,2100,1.3764,0.6562,13:08:36
10,2110,1.7412,0.3438,12:49:58
10,2120,1.5355,0.3750,12:44:48
10,2130,1.5771,0.4375,11:47:01
10,2140,2.1269,0.3438,11:56:56
10,2150,1.5633,0.3438,11:27:25
10,2160,2.1396,0.3438,13:47:19
10,2170,2.0234,0.3438,12:20:43
10,2180,1.5917,0.4688,11:24:36
10,2190,1.7582,0.3750,12:29:24
10,2200,2.2730,0.2500,12:19:01
10,2210,2.0416,0.3438,12:22:14
10,2220,2.1083,0.2812,12:17:32
10,2230,2.3891,0.2500,11:37:50
10,2240,2.0481,0.4062,12:43:56
10,2250,2.1294,0.4062,11:45:51
10,2260,1.9573,0.3125,12:10:40
10,2270,1.5242,0.5312,12:19:23
10,2280,2.0277,0.2812,12:57:26
10,2290,1.9873,0.3750,12:25:30
10,2300,2.1253,0.3750,12:16:37
10,2310,2.0676,0.3125,11:57:34
10,2320,2.1251,0.1562,09:36:14
10,2330,2.0925,0.2188,10:31:02
10,2340,1.6033,0.4688,09:40:35
10,2350,1.4889,0.5625,09:17:27
10,2360,1.5938,0.5625,09:09:29
Epoch 10, Average Loss: 1.9403, Validation Accuracy: 0.0135
