Epoch,Step,Loss,Accuracy,Validation Accuracy
1,0,4.5061,0.0312
1,10,3.5599,0.3438
1,20,3.0918,0.3750
1,30,3.2973,0.4375
1,40,3.0873,0.2500
1,50,3.8260,0.1562
1,60,3.2083,0.2188
1,70,3.2051,0.2500
1,80,3.0563,0.3125
1,90,3.5231,0.1875
1,100,3.4504,0.1562
1,110,3.4756,0.3438
1,120,3.5252,0.1250
1,130,2.7068,0.2188
1,140,3.0269,0.2500
1,150,3.7629,0.4375
1,160,3.1698,0.4062
1,170,3.6907,0.2812
1,180,2.8804,0.4062
1,190,3.1978,0.1562
1,200,3.2515,0.2188
1,210,2.8171,0.2812
1,220,2.8443,0.1875
1,230,2.9737,0.2188
1,240,3.5502,0.2812
1,250,3.9678,0.2812
1,260,3.3958,0.2188
1,270,3.9063,0.0938
1,280,4.3076,0.0000
1,290,4.1704,0.1250
1,300,3.5638,0.2500
1,310,3.6403,0.1562
1,320,2.7283,0.2812
1,330,3.1536,0.1875
1,340,2.8811,0.3438
1,350,2.6730,0.3438
1,360,2.8923,0.3125
1,370,2.7511,0.2812
1,380,3.6837,0.2812
1,390,4.1737,0.2500
1,400,4.0353,0.1875
1,410,3.7450,0.0625
1,420,3.9250,0.1250
1,430,4.7050,0.1250
1,440,4.6849,0.1875
1,450,4.3527,0.1875
1,460,4.0658,0.0938
1,470,3.8875,0.0625
1,480,3.3862,0.1562
1,490,2.8675,0.1875
1,500,3.1796,0.3125
1,510,2.9830,0.4375
1,520,3.5636,0.3125
1,530,3.9450,0.1562
1,540,3.7485,0.2812
1,550,4.4703,0.0625
1,560,3.8946,0.1562
1,570,3.8857,0.1562
1,580,3.4791,0.2812
1,590,3.1951,0.2812
1,600,2.6150,0.3750
1,610,2.8797,0.2500
1,620,3.1639,0.0938
1,630,3.5039,0.1562
1,640,3.5792,0.0625
1,650,3.5240,0.1875
1,660,3.4413,0.2812
1,670,3.5267,0.1875
1,680,3.1886,0.2812
1,690,3.7042,0.3438
1,700,4.3491,0.2500
1,710,3.4602,0.2500
1,720,3.8718,0.0938
1,730,3.9403,0.1250
1,740,3.5635,0.2500
1,750,3.3824,0.2500
1,760,4.1287,0.1875
1,770,4.2774,0.2500
1,780,3.8457,0.1875
1,790,3.5627,0.1562
1,800,4.3961,0.0938
1,810,3.7044,0.2188
1,820,3.1477,0.2812
1,830,2.7063,0.3125
1,840,3.6056,0.2812
1,850,3.2731,0.5312
1,860,3.7404,0.2500
1,870,3.9629,0.1250
1,880,3.7104,0.2500
1,890,2.9955,0.1875
1,900,3.1562,0.1875
1,910,3.2445,0.1875
1,920,3.5048,0.1562
1,930,3.0698,0.1875
1,940,3.2220,0.1875
1,950,3.5258,0.0938
1,960,3.2045,0.2188
1,970,2.9226,0.2500
1,980,3.9292,0.2500
1,990,4.2470,0.1562
1,1000,3.9127,0.2188
1,1010,3.1988,0.3125
1,1020,3.9828,0.0625
1,1030,4.4377,0.0938
1,1040,5.2794,0.1875
1,1050,4.2310,0.2188
1,1060,3.5695,0.1562
1,1070,3.1610,0.1875
1,1080,2.3849,0.4062
1,1090,2.9179,0.2812
1,1100,2.9293,0.3438
1,1110,3.7283,0.2812
1,1120,3.3648,0.3438
1,1130,3.7662,0.2500
1,1140,3.4082,0.2812
1,1150,4.0174,0.1562
1,1160,3.7842,0.2500
1,1170,4.1992,0.1250
1,1180,3.9512,0.2188
1,1190,4.3286,0.1250
1,1200,4.2801,0.0625
1,1210,3.4733,0.1562
1,1220,3.2474,0.2188
1,1230,2.9187,0.2812
1,1240,3.3118,0.1875
1,1250,2.7833,0.3125
1,1260,2.9830,0.2500
1,1270,3.0527,0.2500
1,1280,2.7443,0.3438
1,1290,3.4732,0.1875
1,1300,3.9130,0.1875
1,1310,4.0522,0.2812
1,1320,4.1616,0.2188
1,1330,4.4686,0.2188
1,1340,4.3054,0.1875
1,1350,3.3889,0.1250
1,1360,3.6720,0.2188
1,1370,3.3143,0.4375
1,1380,3.7572,0.3125
1,1390,3.7095,0.1875
1,1400,3.9012,0.0312
1,1410,4.6194,0.1875
1,1420,4.3259,0.2812
1,1430,4.4120,0.2500
1,1440,4.2982,0.2500
1,1450,3.7321,0.1562
1,1460,3.8000,0.1250
1,1470,3.0784,0.1562
1,1480,3.1341,0.4375
1,1490,4.6203,0.3125
1,1500,4.9807,0.3125
1,1510,4.8736,0.1875
1,1520,4.6020,0.0312
1,1530,3.8389,0.0312
1,1540,2.9597,0.1875
1,1550,3.0456,0.2188
1,1560,3.0449,0.2188
1,1570,3.2166,0.2188
1,1580,2.7719,0.0938
1,1590,2.8097,0.1562
1,1600,3.3469,0.1875
1,1610,3.2270,0.1875
1,1620,2.5698,0.5000
1,1630,3.2980,0.2812
1,1640,3.9886,0.2188
1,1650,3.2499,0.1562
1,1660,3.4612,0.2812
1,1670,3.4979,0.2500
1,1680,3.6812,0.1875
1,1690,4.0936,0.1562
1,1700,3.8766,0.1562
1,1710,4.1246,0.2188
1,1720,4.3492,0.0938
1,1730,3.6336,0.1250
1,1740,4.3039,0.1250
1,1750,4.2364,0.1250
1,1760,3.8139,0.1250
1,1770,3.7983,0.0625
1,1780,3.4669,0.1875
1,1790,4.0630,0.1250
1,1800,4.2373,0.2188
1,1810,3.9805,0.1250
1,1820,3.6851,0.0938
1,1830,3.5159,0.1875
1,1840,4.0045,0.1562
1,1850,3.6756,0.1250
1,1860,3.5310,0.1250
1,1870,3.8513,0.1250
1,1880,3.7761,0.0625
1,1890,3.7803,0.1562
1,1900,3.8874,0.1875
1,1910,3.7210,0.1875
1,1920,3.4729,0.2500
1,1930,4.4082,0.1562
1,1940,4.4838,0.1875
1,1950,3.6830,0.2188
1,1960,4.2830,0.1250
1,1970,4.8329,0.1562
1,1980,4.6716,0.1250
1,1990,4.5027,0.2188
1,2000,4.6096,0.1562
1,2010,4.7959,0.0625
1,2020,5.0221,0.0312
1,2030,4.8937,0.0312
1,2040,4.7963,0.0312
1,2050,4.5565,0.0000
1,2060,3.9673,0.0312
1,2070,3.9289,0.0000
1,2080,3.7937,0.0312
1,2090,4.3586,0.0312
1,2100,4.3590,0.1250
1,2110,4.7840,0.0938
1,2120,4.9540,0.0312
1,2130,4.4388,0.1250
1,2140,4.6019,0.0625
1,2150,4.5197,0.0312
1,2160,5.0479,0.0625
1,2170,4.9085,0.0938
1,2180,4.6344,0.0625
1,2190,4.5919,0.0312
1,2200,4.1748,0.0625
1,2210,4.3319,0.0625
1,2220,4.5543,0.1250
1,2230,4.2520,0.0625
1,2240,4.1687,0.0625
1,2250,3.9379,0.1875
1,2260,4.2831,0.0312
1,2270,4.7255,0.0000
1,2280,4.6115,0.0312
1,2290,4.3910,0.0312
1,2300,4.3948,0.0312
1,2310,4.2292,0.1875
1,2320,4.2054,0.2188
1,2330,4.5177,0.0312
1,2340,4.2360,0.0312
1,2350,3.8104,0.0938
1,2360,3.6926,0.0938
1,2367,3.7867,0.0000,0.0114
2,0,4.7882,0.0000
2,10,4.9187,0.0000
2,20,4.3966,0.0000
2,30,3.9101,0.0938
2,40,3.4757,0.0938
2,50,2.8543,0.0938
2,60,2.0333,0.4688
2,70,3.0127,0.3125
2,80,3.1179,0.3125
2,90,2.3951,0.2812
2,100,2.4613,0.2500
2,110,2.4121,0.3438
2,120,2.5376,0.1875
2,130,2.3748,0.3125
2,140,3.3858,0.2188
2,150,3.3349,0.3750
2,160,3.5169,0.2812
2,170,3.4258,0.1875
2,180,2.7684,0.1562
2,190,2.8781,0.2812
2,200,3.2800,0.3438
2,210,3.1465,0.3125
2,220,3.0741,0.3125
2,230,3.5773,0.2188
2,240,3.1630,0.2500
2,250,3.2281,0.1562
2,260,3.1416,0.0938
2,270,2.6838,0.2188
2,280,2.6456,0.2188
2,290,2.9139,0.2500
2,300,2.9540,0.2188
2,310,2.3895,0.2500
2,320,1.8504,0.2812
2,330,2.0189,0.4062
2,340,1.7747,0.4375
2,350,2.2698,0.3438
2,360,2.2593,0.2188
2,370,2.4966,0.3125
2,380,2.7540,0.4062
2,390,2.2270,0.2812
2,400,2.4578,0.1250
2,410,3.4699,0.2188
2,420,3.9688,0.0625
2,430,3.4597,0.1875
2,440,2.8511,0.1875
2,450,2.5695,0.1875
2,460,1.9598,0.5938
2,470,2.4693,0.3438
2,480,2.0375,0.4062
2,490,2.6644,0.2812
2,500,1.6943,0.5625
2,510,1.9285,0.4062
2,520,2.8770,0.1250
2,530,3.0924,0.2812
2,540,3.1598,0.1875
2,550,3.3529,0.1250
2,560,2.8000,0.1875
2,570,2.8090,0.2812
2,580,2.6370,0.2188
2,590,2.1401,0.5000
2,600,2.9256,0.4062
2,610,3.4274,0.2500
2,620,2.6632,0.1875
2,630,2.2797,0.4688
2,640,3.2333,0.2812
2,650,2.4525,0.2500
2,660,2.4415,0.2500
2,670,1.8982,0.4375
2,680,2.6997,0.5000
2,690,2.8783,0.2812
2,700,2.5789,0.2500
2,710,2.6692,0.2812
2,720,1.9101,0.4375
2,730,2.0013,0.3438
2,740,1.9191,0.3750
2,750,1.6157,0.5312
2,760,1.9637,0.4062
2,770,1.8061,0.5938
2,780,2.0241,0.3438
2,790,1.4879,0.6562
2,800,2.8140,0.4375
2,810,2.9781,0.2812
2,820,1.7038,0.5312
2,830,1.7369,0.4688
2,840,2.6988,0.3125
2,850,2.2911,0.5625
2,860,2.8029,0.4062
2,870,2.6948,0.2188
2,880,2.6331,0.4062
2,890,2.8386,0.2812
2,900,1.9175,0.4062
2,910,1.9000,0.3750
2,920,1.6846,0.4375
2,930,1.7076,0.4688
2,940,1.9979,0.3438
2,950,1.7114,0.4688
2,960,2.2102,0.5312
2,970,1.8602,0.5625
2,980,2.0037,0.3438
2,990,2.2409,0.5625
2,1000,2.0490,0.4062
2,1010,2.3352,0.4375
2,1020,2.3016,0.4688
2,1030,2.5110,0.3750
2,1040,2.7567,0.2812
2,1050,1.9192,0.4375
2,1060,1.7424,0.5625
2,1070,1.6029,0.6250
2,1080,1.4995,0.5312
2,1090,1.9183,0.3125
2,1100,2.3671,0.4375
2,1110,2.2968,0.4375
2,1120,2.2889,0.4375
2,1130,1.7294,0.6250
2,1140,1.9258,0.3438
2,1150,2.5518,0.5312
2,1160,3.2477,0.2188
2,1170,2.3481,0.2812
2,1180,2.6340,0.2188
2,1190,2.2266,0.3438
2,1200,1.5758,0.3750
2,1210,1.4393,0.5938
2,1220,2.3713,0.4688
2,1230,2.0359,0.4375
2,1240,1.8986,0.4062
2,1250,1.5630,0.4375
2,1260,1.5741,0.5625
2,1270,2.0090,0.4375
2,1280,1.3444,0.4375
2,1290,2.1632,0.4688
2,1300,2.9141,0.2188
2,1310,1.9905,0.4688
2,1320,2.4482,0.5000
2,1330,3.0866,0.2500
2,1340,2.5356,0.2500
2,1350,1.9290,0.3750
2,1360,2.4193,0.5000
2,1370,2.4776,0.4375
2,1380,2.2513,0.3125
2,1390,2.0388,0.3125
2,1400,2.0821,0.4688
2,1410,2.2519,0.5312
2,1420,3.8816,0.3438
2,1430,3.0427,0.2188
2,1440,2.0971,0.3438
2,1450,1.1928,0.7500
2,1460,1.3981,0.5625
2,1470,1.1154,0.8125
2,1480,1.9646,0.6562
2,1490,2.6766,0.3438
2,1500,2.5358,0.2188
2,1510,2.5002,0.3750
2,1520,2.0381,0.5000
2,1530,1.6682,0.5625
2,1540,1.2927,0.7500
2,1550,2.3696,0.5312
2,1560,2.2229,0.3750
2,1570,1.6575,0.4062
2,1580,1.4774,0.3750
2,1590,1.3820,0.5625
2,1600,1.8742,0.5312
2,1610,2.0445,0.3125
2,1620,1.9583,0.4688
2,1630,2.0514,0.4062
2,1640,1.7793,0.5000
2,1650,2.0930,0.4688
2,1660,1.8984,0.4062
2,1670,2.2621,0.4062
2,1680,2.4797,0.2812
2,1690,2.2542,0.3125
2,1700,1.8618,0.3125
2,1710,1.8121,0.5625
2,1720,2.7450,0.4375
2,1730,2.4480,0.3438
2,1740,2.2083,0.3750
2,1750,2.3908,0.2500
2,1760,1.7055,0.6250
2,1770,1.6961,0.4375
2,1780,2.2151,0.5312
2,1790,2.2989,0.5000
2,1800,2.5660,0.1875
2,1810,1.6823,0.5625
2,1820,1.8275,0.3750
2,1830,2.7309,0.4375
2,1840,2.3818,0.4688
2,1850,2.5817,0.2188
2,1860,1.8564,0.4062
2,1870,2.3544,0.4062
2,1880,2.2870,0.4688
2,1890,2.3881,0.3438
2,1900,2.9243,0.3750
2,1910,2.2106,0.4062
2,1920,2.3349,0.3438
2,1930,2.3075,0.2500
2,1940,2.3829,0.4375
2,1950,3.1328,0.2500
2,1960,2.3971,0.4062
2,1970,2.6265,0.3750
2,1980,2.9903,0.4062
2,1990,2.9712,0.3438
2,2000,2.8126,0.2812
2,2010,2.6078,0.4375
2,2020,3.0782,0.3750
2,2030,2.4413,0.3750
2,2040,3.6147,0.2500
2,2050,2.3217,0.3750
2,2060,2.4585,0.2500
2,2070,2.6356,0.3750
2,2080,2.3772,0.2812
2,2090,2.6668,0.2188
2,2100,2.5454,0.5000
2,2110,2.2600,0.4062
2,2120,3.0384,0.2500
2,2130,3.5641,0.1250
2,2140,3.4757,0.2188
2,2150,2.7312,0.2812
2,2160,4.2208,0.1875
2,2170,2.7273,0.4062
2,2180,2.5562,0.2500
2,2190,2.3187,0.4062
2,2200,2.0876,0.4688
2,2210,2.4898,0.5312
2,2220,2.9355,0.3125
2,2230,3.4650,0.2500
2,2240,2.6661,0.2188
2,2250,3.2214,0.2500
2,2260,2.6921,0.3438
2,2270,3.0743,0.1875
2,2280,3.1263,0.0312
2,2290,2.1503,0.4688
2,2300,2.2326,0.4062
2,2310,2.0918,0.4062
2,2320,2.5874,0.2188
2,2330,3.2764,0.3750
2,2340,2.0387,0.4062
2,2350,1.9278,0.4375
2,2360,2.0055,0.3438
2,2367,2.4415,0.5000,0.0247
3,0,4.3385,0.0000
3,10,3.5432,0.0000
3,20,2.9275,0.0625
3,30,2.3443,0.1875
3,40,1.7936,0.4375
3,50,2.3285,0.1562
3,60,2.0978,0.3125
3,70,1.7557,0.4688
3,80,1.4042,0.6250
3,90,2.0279,0.4375
3,100,2.7435,0.2812
3,110,2.0700,0.1562
3,120,1.9495,0.2812
3,130,1.6704,0.4062
3,140,1.8882,0.5625
3,150,2.4086,0.3438
3,160,2.5759,0.3750
3,170,2.5871,0.3438
3,180,1.7475,0.4062
3,190,1.8905,0.4375
3,200,1.8581,0.4375
3,210,2.4962,0.3125
3,220,2.3199,0.4062
3,230,2.2109,0.3750
3,240,1.9718,0.5312
3,250,1.8296,0.3125
3,260,1.8085,0.4375
3,270,1.6120,0.4062
3,280,1.7873,0.4688
3,290,1.7416,0.5625
3,300,1.7480,0.4062
3,310,1.6082,0.4062
3,320,0.9869,0.6562
3,330,1.6866,0.4375
3,340,1.6164,0.4062
3,350,2.1069,0.3125
3,360,1.9851,0.4062
3,370,1.5987,0.4062
3,380,2.2169,0.4688
3,390,1.3980,0.5000
3,400,1.8233,0.4375
3,410,2.6951,0.2188
3,420,2.4916,0.3125
3,430,1.9686,0.4688
3,440,1.7408,0.4062
3,450,1.4882,0.5625
3,460,1.0519,0.6875
3,470,1.2572,0.6250
3,480,1.0275,0.6250
3,490,1.1892,0.6875
3,500,1.9300,0.3438
3,510,2.2278,0.1875
3,520,2.1354,0.4375
3,530,1.9940,0.3125
3,540,1.6302,0.5625
3,550,1.7129,0.4688
3,560,1.2025,0.7812
3,570,1.6426,0.6250
3,580,1.8869,0.5312
3,590,1.7165,0.5000
3,600,1.8731,0.4062
3,610,1.9261,0.5625
3,620,2.1785,0.5000
3,630,1.4734,0.5625
3,640,1.7719,0.4688
3,650,1.7649,0.4375
3,660,1.4963,0.4688
3,670,0.8730,0.7188
3,680,1.7522,0.5938
3,690,2.1076,0.3438
3,700,1.9999,0.4688
3,710,1.3414,0.5625
3,720,1.4320,0.5625
3,730,1.0604,0.8438
3,740,1.1053,0.6875
3,750,1.4383,0.4688
3,760,0.9382,0.7812
3,770,1.6129,0.5000
3,780,1.4396,0.5312
3,790,0.9848,0.6562
3,800,2.1085,0.5312
3,810,1.6798,0.5000
3,820,1.8439,0.5312
3,830,1.5757,0.3438
3,840,1.4185,0.5938
3,850,2.3609,0.4688
3,860,2.2693,0.2500
3,870,2.0884,0.5312
3,880,2.2092,0.3125
3,890,2.2740,0.4375
3,900,1.8577,0.3750
3,910,1.5781,0.4688
3,920,1.7173,0.4688
3,930,1.5850,0.4062
3,940,1.2193,0.5625
3,950,1.1530,0.5938
3,960,1.1948,0.7812
3,970,1.5526,0.5000
3,980,1.5573,0.5938
3,990,1.7321,0.4688
3,1000,1.1474,0.5625
3,1010,1.4717,0.6250
3,1020,2.0171,0.4062
3,1030,2.0172,0.5625
3,1040,1.3967,0.5625
3,1050,1.1951,0.7500
3,1060,1.1391,0.6250
3,1070,1.0143,0.7500
3,1080,1.1482,0.6562
3,1090,0.9528,0.7188
3,1100,2.0017,0.5000
3,1110,1.4511,0.5938
3,1120,1.3732,0.6875
3,1130,1.6793,0.4688
3,1140,1.3914,0.5938
3,1150,1.4082,0.6250
3,1160,1.8181,0.5000
3,1170,2.0592,0.3438
3,1180,1.5375,0.5938
3,1190,1.6362,0.5625
3,1200,1.4451,0.5312
3,1210,1.4582,0.5312
3,1220,1.1931,0.6875
3,1230,1.7488,0.3438
3,1240,0.9604,0.7500
3,1250,1.0797,0.7188
3,1260,1.1964,0.6562
3,1270,1.3820,0.5625
3,1280,1.1634,0.5625
3,1290,2.1685,0.4688
3,1300,1.6956,0.3750
3,1310,1.9976,0.3750
3,1320,3.0060,0.3750
3,1330,2.1751,0.3750
3,1340,1.7728,0.5000
3,1350,1.3551,0.4062
3,1360,1.4956,0.6250
3,1370,1.8224,0.4688
3,1380,1.4867,0.5312
3,1390,1.6885,0.4062
3,1400,1.7602,0.5938
3,1410,1.8805,0.5938
3,1420,2.5685,0.2500
3,1430,1.5280,0.6562
3,1440,0.9719,0.7500
3,1450,1.0207,0.6875
3,1460,0.8888,0.7500
3,1470,0.9717,0.7812
3,1480,1.3071,0.5312
3,1490,1.1311,0.6562
3,1500,1.2913,0.6875
3,1510,1.4714,0.5625
3,1520,0.8939,0.7500
3,1530,1.7576,0.5312
3,1540,1.3894,0.4688
3,1550,1.4593,0.6562
3,1560,1.6981,0.4688
3,1570,1.1779,0.5938
3,1580,0.8153,0.7812
3,1590,1.7256,0.5000
3,1600,1.2927,0.6250
3,1610,0.9521,0.6562
3,1620,1.2852,0.5938
3,1630,1.2466,0.6250
3,1640,1.5529,0.5625
3,1650,1.6512,0.4375
3,1660,1.1638,0.6875
3,1670,2.0734,0.3438
3,1680,1.1733,0.6250
3,1690,1.8111,0.5000
3,1700,0.9776,0.6250
3,1710,1.4627,0.5938
3,1720,2.1634,0.4062
3,1730,1.2830,0.6875
3,1740,1.3113,0.5312
3,1750,1.3008,0.6562
3,1760,1.2834,0.5938
3,1770,1.1809,0.6250
3,1780,1.4237,0.6250
3,1790,1.6362,0.5312
3,1800,1.3229,0.5938
3,1810,1.8833,0.4688
3,1820,1.3029,0.5625
3,1830,1.8529,0.5312
3,1840,2.1542,0.4062
3,1850,1.6060,0.4688
3,1860,1.8121,0.4062
3,1870,1.5700,0.5000
3,1880,1.2084,0.7188
3,1890,1.6949,0.3750
3,1900,1.5915,0.5625
3,1910,2.1980,0.1562
3,1920,1.5298,0.4688
3,1930,1.2740,0.6875
3,1940,1.7612,0.5625
3,1950,1.5836,0.6250
3,1960,2.0648,0.3125
3,1970,1.8233,0.4688
3,1980,1.9983,0.4375
3,1990,1.4813,0.5938
3,2000,1.8925,0.5312
3,2010,1.0346,0.6875
3,2020,1.8872,0.5625
3,2030,1.5567,0.4375
3,2040,1.7256,0.4688
3,2050,0.9137,0.7188
3,2060,1.1894,0.6875
3,2070,1.5675,0.4688
3,2080,1.5881,0.4375
3,2090,2.0716,0.4688
3,2100,1.6936,0.5000
3,2110,1.5897,0.4688
3,2120,2.0683,0.3125
3,2130,1.8232,0.5000
3,2140,1.7498,0.5312
3,2150,1.3240,0.5312
3,2160,2.0712,0.5312
3,2170,2.5600,0.4062
3,2180,2.1843,0.4062
3,2190,1.6654,0.5000
3,2200,1.4545,0.6562
3,2210,3.6850,0.3438
3,2220,2.1126,0.4375
3,2230,2.0716,0.3438
3,2240,1.9597,0.3125
3,2250,2.6158,0.3750
3,2260,2.3087,0.4375
3,2270,1.9993,0.3750
3,2280,1.6674,0.3750
3,2290,1.2924,0.6562
3,2300,2.2311,0.4375
3,2310,2.2144,0.2188
3,2320,2.3390,0.3750
3,2330,2.6581,0.3438
3,2340,1.5381,0.5000
3,2350,1.1431,0.5938
3,2360,1.4421,0.4688
에폭 3, 평균 로스:1.6699. 평균 정확도: 0.8333, 검증 정확도0.0349
4,0,5.2085,0.0000
4,10,3.6259,0.0000
4,20,2.2463,0.3125
4,30,1.5656,0.4688
4,40,1.2876,0.4375
4,50,1.8678,0.3438
4,60,1.0767,0.5312
4,70,1.5390,0.5312
4,80,1.1989,0.6250
4,90,1.5132,0.5625
4,100,2.0450,0.3125
4,110,1.2520,0.4688
4,120,1.2916,0.5312
4,130,1.3857,0.5312
4,140,0.7887,0.7500
4,150,1.4421,0.5625
4,160,1.5691,0.6562
4,170,1.8661,0.4688
4,180,1.5100,0.5312
4,190,1.7574,0.5000
4,200,1.4731,0.5625
4,210,1.3145,0.5938
4,220,1.6433,0.4062
4,230,1.5305,0.3750
4,240,1.3283,0.5625
4,250,1.0088,0.5938
4,260,1.3845,0.7188
4,270,1.3334,0.5625
4,280,1.7864,0.5625
4,290,1.2886,0.5000
4,300,1.4854,0.5000
4,310,1.3947,0.5625
4,320,1.0284,0.6875
4,330,1.7888,0.4688
4,340,1.1331,0.5938
4,350,1.0456,0.7812
4,360,1.5305,0.4688
4,370,1.1648,0.6562
4,380,2.3461,0.2812
4,390,1.2701,0.5312
4,400,1.3031,0.6250
4,410,1.3541,0.5625
4,420,1.5769,0.4375
4,430,1.1590,0.6250
4,440,1.2319,0.6250
4,450,1.1480,0.6562
4,460,0.8315,0.7188
4,470,1.2566,0.5938
4,480,1.3819,0.5312
4,490,1.2997,0.5625
4,500,1.0820,0.5938
4,510,0.9502,0.5625
4,520,1.4565,0.4688
4,530,0.8394,0.6875
4,540,1.8925,0.4062
4,550,1.2381,0.5938
4,560,1.7540,0.5938
4,570,1.2143,0.6250
4,580,1.2151,0.6875
4,590,1.2846,0.5938
4,600,1.0405,0.6250
4,610,1.4132,0.6562
4,620,1.0077,0.6875
4,630,1.5853,0.5938
4,640,1.2738,0.5625
4,650,0.8392,0.7500
4,660,0.7830,0.7812
4,670,0.6351,0.8125
4,680,1.3739,0.6250
4,690,0.9755,0.5625
4,700,1.0064,0.6875
4,710,1.3921,0.5625
4,720,0.9532,0.6875
4,730,0.9272,0.6875
4,740,1.0238,0.6875
4,750,0.4703,0.8750
4,760,0.8326,0.7188
4,770,1.0406,0.7500
4,780,1.1701,0.6250
4,790,0.9370,0.7500
4,800,1.2927,0.7188
4,810,0.9463,0.6562
4,820,1.0834,0.6250
4,830,0.5941,0.8438
4,840,1.7077,0.5312
4,850,1.6572,0.4688
4,860,1.4493,0.3750
4,870,1.5047,0.5938
4,880,1.1738,0.6562
4,890,2.1426,0.3438
4,900,1.4738,0.4688
4,910,1.4800,0.4688
4,920,1.0518,0.5625
4,930,0.8017,0.8125
4,940,1.0799,0.6562
4,950,1.2810,0.6250
4,960,1.1748,0.6562
4,970,0.9063,0.6875
4,980,0.8025,0.6875
4,990,1.2153,0.5625
4,1000,1.0243,0.5938
4,1010,0.8301,0.7188
4,1020,1.2084,0.5000
4,1030,1.1470,0.6875
4,1040,1.1436,0.6562
4,1050,0.7181,0.8125
4,1060,1.0129,0.6562
4,1070,0.8242,0.7812
4,1080,0.8782,0.7500
4,1090,0.7215,0.7188
4,1100,0.8349,0.6875
4,1110,1.4750,0.5312
4,1120,0.9415,0.7188
4,1130,0.9616,0.7188
4,1140,1.2004,0.6250
4,1150,1.4564,0.5938
4,1160,1.6740,0.3750
4,1170,1.2588,0.5625
4,1180,1.6680,0.4688
4,1190,1.3384,0.5312
4,1200,1.4142,0.5312
4,1210,1.0226,0.6562
4,1220,1.4673,0.6250
4,1230,1.2056,0.5625
4,1240,0.8222,0.8750
4,1250,0.9504,0.7188
4,1260,0.7060,0.8125
4,1270,1.4223,0.5625
4,1280,0.5817,0.8750
4,1290,1.3349,0.6250
4,1300,0.8194,0.7188
4,1310,1.7667,0.6250
4,1320,1.2960,0.5938
4,1330,1.5069,0.4375
4,1340,1.7037,0.4688
4,1350,1.2958,0.5000
4,1360,1.1087,0.6875
4,1370,1.5939,0.4688
4,1380,1.1643,0.6562
4,1390,0.8640,0.7188
4,1400,1.3024,0.6875
4,1410,1.2496,0.6562
4,1420,1.1461,0.6562
4,1430,1.4823,0.6562
4,1440,1.1761,0.6562
4,1450,0.8299,0.7500
4,1460,0.6067,0.8750
4,1470,1.1606,0.6875
4,1480,1.0281,0.5938
4,1490,0.5125,0.8125
4,1500,1.1413,0.6250
4,1510,1.1625,0.6875
4,1520,0.9900,0.7500
4,1530,1.5093,0.4688
4,1540,0.9102,0.6875
4,1550,1.3524,0.6562
4,1560,0.9378,0.5938
4,1570,0.7680,0.7812
4,1580,0.9564,0.6875
4,1590,0.7317,0.7812
4,1600,1.0853,0.6562
4,1610,0.5493,0.8750
4,1620,1.3881,0.6875
4,1630,0.6477,0.8750
4,1640,1.0526,0.6875
4,1650,0.8998,0.6562
4,1660,1.2973,0.6562
4,1670,1.2357,0.5312
4,1680,1.0915,0.6875
4,1690,1.3194,0.6250
4,1700,0.7925,0.6875
4,1710,1.3141,0.6562
4,1720,1.1609,0.6562
4,1730,0.7971,0.7500
4,1740,0.6126,0.7812
4,1750,0.8449,0.6875
4,1760,1.0736,0.7500
4,1770,1.0739,0.6875
4,1780,1.0860,0.7500
4,1790,1.0818,0.6562
4,1800,0.8650,0.6875
4,1810,1.2167,0.6250
4,1820,0.7524,0.7500
4,1830,1.5111,0.6875
4,1840,1.4693,0.4062
4,1850,1.7706,0.5000
4,1860,1.1669,0.6875
4,1870,1.5542,0.5625
4,1880,1.1669,0.5938
4,1890,1.0938,0.7188
4,1900,1.2533,0.6875
4,1910,1.0774,0.5625
4,1920,1.0115,0.6875
4,1930,0.9329,0.7812
4,1940,1.1209,0.7188
4,1950,1.3120,0.6250
4,1960,1.2591,0.5938
4,1970,1.6502,0.5000
4,1980,1.1575,0.6562
4,1990,1.3958,0.7188
4,2000,0.8861,0.7188
4,2010,1.0272,0.7812
4,2020,2.3266,0.4062
4,2030,1.5897,0.4062
4,2040,1.2746,0.6250
4,2050,1.0733,0.6562
4,2060,0.7870,0.8125
4,2070,1.4841,0.5938
4,2080,1.4750,0.4688
4,2090,1.6543,0.5000
4,2100,0.9302,0.7812
4,2110,0.9701,0.7188
4,2120,0.7596,0.6250
4,2130,0.8312,0.7500
4,2140,1.3365,0.6562
4,2150,1.5391,0.5625
4,2160,1.4823,0.5938
4,2170,1.2985,0.5312
4,2180,1.1544,0.6875
4,2190,1.0912,0.7188
4,2200,1.0630,0.7500
4,2210,1.9364,0.5312
4,2220,1.3382,0.5625
4,2230,1.6327,0.5938
4,2240,1.0624,0.7188
4,2250,1.5848,0.6250
4,2260,2.0988,0.4062
4,2270,1.7974,0.4688
4,2280,1.4643,0.5625
4,2290,1.1455,0.5938
4,2300,1.7272,0.4688
4,2310,1.7822,0.3125
4,2320,1.3210,0.6562
4,2330,1.8440,0.4688
4,2340,1.6885,0.5000
4,2350,0.7921,0.7188
4,2360,0.7238,0.7812
에폭 4, 평균 로스: 1.2728, 평균 정확도: 0.6667 검증 정확도: 0.0441
5,0,4.8246,0.0000
5,10,3.1250,0.0938
5,20,1.4382,0.6562
5,30,1.3077,0.5312
5,40,1.1182,0.5938
5,50,1.1562,0.5938
5,60,0.8246,0.6875
5,70,1.5149,0.5938
5,80,1.6551,0.4688
5,90,1.5499,0.4375
5,100,1.7677,0.4062
5,110,1.2074,0.4062
5,120,1.1563,0.6875
5,130,0.9024,0.6875
5,140,1.1352,0.6562
5,150,0.7748,0.7188
5,160,1.1215,0.6875
5,170,1.3224,0.5625
5,180,1.3441,0.5312
5,190,0.9240,0.6875
5,200,1.0988,0.6250
5,210,1.0584,0.6250
5,220,1.1638,0.5938
5,230,1.0760,0.6875
5,240,1.2793,0.6875
5,250,1.5643,0.4688
5,260,0.9535,0.7188
5,270,0.8886,0.7500
5,280,0.9330,0.6875
5,290,1.1741,0.5625
5,300,1.4703,0.5625
5,310,0.9255,0.6562
5,320,1.1795,0.5938
5,330,1.0692,0.6562
5,340,0.9134,0.6250
5,350,0.9914,0.6875
5,360,1.4863,0.4062
5,370,1.3127,0.5938
5,380,1.3487,0.5000
5,390,0.8952,0.6562
5,400,1.4054,0.6250
5,410,1.2311,0.6562
5,420,0.8473,0.6875
5,430,1.7241,0.5312
5,440,0.6260,0.8750
5,450,0.8620,0.6875
5,460,0.7924,0.7188
5,470,0.7199,0.8125
5,480,0.8289,0.7500
5,490,0.9893,0.6875
5,500,1.3145,0.5312
5,510,1.0260,0.6250
5,520,1.2212,0.5312
5,530,1.1129,0.7500
5,540,1.2243,0.5312
5,550,1.0091,0.5625
5,560,1.7461,0.5000
5,570,1.1272,0.5625
5,580,0.7530,0.8125
5,590,1.6565,0.5000
5,600,0.9370,0.6875
5,610,1.4438,0.6562
5,620,0.9757,0.6875
5,630,1.0464,0.6250
5,640,0.7532,0.7500
5,650,0.6318,0.6562
5,660,0.8370,0.7188
5,670,0.4813,0.8125
5,680,1.0090,0.7500
5,690,1.1724,0.6250
5,700,1.3395,0.5000
5,710,0.7910,0.7812
5,720,0.6091,0.7812
5,730,0.5615,0.8125
5,740,1.2842,0.7188
5,750,0.9958,0.6562
5,760,0.4075,0.9062
5,770,1.0312,0.6250
5,780,1.0663,0.6250
5,790,0.9144,0.7500
5,800,1.4141,0.6250
5,810,0.9476,0.5938
5,820,1.2246,0.5312
5,830,0.5812,0.8125
5,840,1.4275,0.6562
5,850,1.5397,0.5625
5,860,1.1340,0.6562
5,870,0.9200,0.6875
5,880,0.9061,0.6562
5,890,1.0695,0.6875
5,900,2.1301,0.2188
5,910,1.0767,0.5625
5,920,1.0423,0.6562
5,930,0.8126,0.6562
5,940,0.5751,0.7500
5,950,0.6616,0.7500
5,960,1.2543,0.6562
5,970,1.2162,0.6875
5,980,0.7949,0.7812
5,990,1.0926,0.6562
5,1000,0.7338,0.7500
5,1010,0.9759,0.6875
5,1020,1.1718,0.5938
5,1030,1.3124,0.6562
5,1040,0.7561,0.8438
5,1050,0.8401,0.7812
5,1060,0.6469,0.8125
5,1070,1.1302,0.6875
5,1080,1.1560,0.6250
5,1090,0.7623,0.8125
5,1100,1.0724,0.5938
5,1110,0.9238,0.7188
5,1120,0.9858,0.7812
5,1130,2.0840,0.4062
5,1140,0.7631,0.7500
5,1150,1.2427,0.6875
5,1160,1.5203,0.4688
5,1170,0.9985,0.6250
5,1180,1.0178,0.6562
5,1190,1.2235,0.6250
5,1200,1.6792,0.5312
5,1210,0.8972,0.6562
5,1220,1.2124,0.5938
5,1230,1.2700,0.5938
5,1240,0.7809,0.6875
5,1250,0.8164,0.8750
5,1260,0.9206,0.6875
5,1270,0.6833,0.7188
5,1280,0.8219,0.6562
5,1290,1.0903,0.6562
5,1300,0.7240,0.8125
5,1310,0.4836,0.8438
5,1320,2.0173,0.3438
5,1330,1.1080,0.7188
5,1340,1.0907,0.5625
5,1350,0.8106,0.6875
5,1360,0.9590,0.5625
5,1370,1.2131,0.5625
5,1380,0.7052,0.7500
5,1390,0.8577,0.7188
5,1400,0.8276,0.7500
5,1410,0.9195,0.6562
5,1420,0.7318,0.8125
5,1430,1.0503,0.7500
5,1440,1.2441,0.6250
5,1450,0.5479,0.7500
5,1460,0.6823,0.7500
5,1470,0.6577,0.7812
5,1480,0.8563,0.7500
5,1490,0.7122,0.6875
5,1500,0.8482,0.7500
5,1510,0.6711,0.7812
5,1520,0.6506,0.8125
5,1530,1.2791,0.6250
5,1540,1.5469,0.5625
5,1550,0.8583,0.7500
5,1560,1.1584,0.6250
5,1570,0.9455,0.5625
5,1580,0.7833,0.7188
5,1590,0.8013,0.7812
5,1600,1.0745,0.6875
5,1610,0.6337,0.8438
5,1620,0.9095,0.7812
5,1630,0.6659,0.7812
5,1640,0.9767,0.8125
5,1650,1.0180,0.6250
5,1660,1.1838,0.6562
5,1670,1.7121,0.5000
5,1680,0.9188,0.7188
5,1690,0.8635,0.6562
5,1700,0.6258,0.7812
5,1710,1.0370,0.7188
5,1720,1.0175,0.6250
5,1730,0.7970,0.7812
5,1740,0.6377,0.7812
5,1750,0.8310,0.6875
5,1760,0.7925,0.7500
5,1770,0.3675,0.9062
5,1780,0.9530,0.7500
5,1790,1.0402,0.6562
5,1800,0.9294,0.8125
5,1810,1.2427,0.6250
5,1820,0.7426,0.7812
5,1830,1.2591,0.6250
5,1840,0.6065,0.7500
5,1850,0.9547,0.5312
5,1860,1.5796,0.5000
5,1870,1.1075,0.5938
5,1880,0.9790,0.6250
5,1890,0.5585,0.8125
5,1900,1.2783,0.5938
5,1910,1.2213,0.6250
5,1920,0.7799,0.6875
5,1930,0.5572,0.8750
5,1940,0.8573,0.8438
5,1950,1.6201,0.6250
5,1960,1.0342,0.6562
5,1970,1.3667,0.6562
5,1980,1.1975,0.6562
5,1990,1.4933,0.6250
5,2000,1.1313,0.7188
5,2010,0.7131,0.7812
5,2020,1.5492,0.5938
5,2030,0.8201,0.7500
5,2040,0.6846,0.7500
5,2050,0.6485,0.7812
5,2060,0.8568,0.7188
5,2070,1.1386,0.5312
5,2080,1.1411,0.6250
5,2090,1.3613,0.6875
5,2100,0.9514,0.6875
5,2110,1.1656,0.6250
5,2120,0.9777,0.6250
5,2130,1.4079,0.5000
5,2140,0.9242,0.6250
5,2150,1.4988,0.6250
5,2160,1.4442,0.5938
5,2170,1.4841,0.4688
5,2180,1.3326,0.6250
5,2190,0.7202,0.7500
5,2200,1.3183,0.6562
5,2210,1.3416,0.5938
5,2220,0.7996,0.7500
5,2230,1.1415,0.6562
5,2240,0.8589,0.7188
5,2250,1.8577,0.4688
5,2260,1.6253,0.4688
5,2270,1.3280,0.6562
5,2280,1.3005,0.4375
5,2290,1.2482,0.6562
5,2300,1.2862,0.6250
5,2310,1.1225,0.5938
5,2320,1.9578,0.3750
5,2330,1.5684,0.5000
5,2340,0.7482,0.8125
5,2350,0.5955,0.8438
5,2360,0.4249,0.8438
에폭 5 로스 평균: 1.0842 평균 정확도 0.8333 검증 정확도: 0.0520
6,0,4.9718,0.0000
6,10,2.6071,0.1250
6,20,0.9669,0.6875
6,30,1.2828,0.5625
6,40,1.1531,0.5938
6,50,1.0238,0.5625
6,60,0.6250,0.7500
6,70,1.3872,0.6250
6,80,1.4612,0.4062
6,90,1.4988,0.5625
6,100,1.5435,0.4375
6,110,0.9974,0.6562
6,120,0.8441,0.6562
6,130,0.8060,0.7812
6,140,0.8054,0.7812
6,150,0.9639,0.6875
6,160,0.8032,0.8125
6,170,1.0876,0.6562
6,180,0.8042,0.7188
6,190,1.1499,0.5938
6,200,0.7675,0.6562
6,210,1.1475,0.5625
6,220,1.0956,0.6562
6,230,1.0169,0.6250
6,240,1.0481,0.6562
6,250,0.7963,0.7812
6,260,1.4288,0.5312
6,270,1.2602,0.6250
6,280,1.1081,0.6562
6,290,1.0391,0.5938
6,300,1.4173,0.6250
6,310,1.0911,0.5625
6,320,0.8753,0.6875
6,330,1.0287,0.6250
6,340,0.9775,0.6250
6,350,1.0397,0.5000
6,360,1.2219,0.5625
6,370,1.3545,0.5625
6,380,1.1289,0.6250
6,390,0.8479,0.7188
6,400,0.8443,0.6875
6,410,1.0254,0.6250
6,420,1.1542,0.5938
6,430,1.3492,0.5938
6,440,0.7360,0.7500
6,450,1.2656,0.5625
6,460,0.8951,0.8125
6,470,1.2656,0.7188
6,480,0.7959,0.8125
6,490,1.0809,0.6250
6,500,1.1721,0.6562
6,510,0.9624,0.5938
6,520,1.0090,0.5625
6,530,0.6723,0.6562
6,540,1.0678,0.5625
6,550,0.6917,0.8125
6,560,1.5713,0.4688
6,570,1.2519,0.5000
6,580,0.8459,0.8125
6,590,0.9310,0.6562
6,600,0.9537,0.6562
6,610,0.8736,0.7188
6,620,0.6608,0.8438
6,630,1.2203,0.6875
6,640,0.8728,0.7500
6,650,0.7595,0.7188
6,660,0.8017,0.7812
6,670,0.5527,0.8438
6,680,0.8972,0.7188
6,690,0.8607,0.7500
6,700,0.7743,0.7812
6,710,1.0923,0.6562
6,720,0.5891,0.7812
6,730,0.9334,0.7188
6,740,0.8990,0.7188
6,750,0.5054,0.8125
6,760,0.4219,0.8750
6,770,0.7412,0.7812
6,780,0.8227,0.7188
6,790,0.7786,0.7500
6,800,1.5089,0.5625
6,810,1.2306,0.6875
6,820,1.2253,0.6250
6,830,0.9358,0.7500
6,840,1.0610,0.7188
6,850,1.5588,0.5625
6,860,0.8109,0.8125
6,870,1.5862,0.5938
6,880,0.8960,0.6250
6,890,1.0586,0.7188
6,900,1.5610,0.5000
6,910,1.3467,0.5625
6,920,1.0742,0.5312
6,930,0.6840,0.6875
6,940,0.8288,0.6250
6,950,0.4334,0.8750
6,960,0.7258,0.7812
6,970,0.8734,0.6875
6,980,0.7670,0.8125
6,990,0.7493,0.7500
6,1000,0.7052,0.8125
6,1010,0.7146,0.7188
6,1020,0.7948,0.7500
6,1030,0.4524,0.8438
6,1040,0.8144,0.8750
6,1050,0.8680,0.7500
6,1060,0.8390,0.7188
6,1070,0.8177,0.7188
6,1080,0.8560,0.7812
6,1090,0.5992,0.7812
6,1100,0.4221,0.8438
6,1110,1.2618,0.5312
6,1120,0.7162,0.8125
6,1130,0.7904,0.7500
6,1140,1.0554,0.5625
6,1150,1.0800,0.6250
6,1160,1.3231,0.5625
6,1170,0.5902,0.7188
6,1180,1.2817,0.5312
6,1190,1.2355,0.6250
6,1200,0.8807,0.6875
6,1210,1.2914,0.5625
6,1220,1.3457,0.5625
6,1230,0.9907,0.7188
6,1240,0.7541,0.7500
6,1250,0.4952,0.8750
6,1260,0.5840,0.8125
6,1270,1.0829,0.5625
6,1280,0.5295,0.7812
6,1290,1.0241,0.6250
6,1300,1.2930,0.5312
6,1310,0.6858,0.7188
6,1320,0.9986,0.6875
6,1330,0.9628,0.6562
6,1340,1.0818,0.5312
6,1350,0.6985,0.8125
6,1360,1.4692,0.5312
6,1370,0.6009,0.8438
6,1380,1.3328,0.7500
6,1390,0.9299,0.7188
6,1400,0.6996,0.7812
6,1410,1.2015,0.7188
6,1420,0.7361,0.7812
6,1430,1.0458,0.7812
6,1440,0.9936,0.7500
6,1450,0.6511,0.7812
6,1460,0.9743,0.6875
6,1470,0.3685,0.9062
6,1480,0.7380,0.7500
6,1490,0.6230,0.8438
6,1500,0.6014,0.8125
6,1510,0.5631,0.8438
6,1520,0.7141,0.8438
6,1530,1.1820,0.6562
6,1540,0.6920,0.7500
6,1550,1.2570,0.5625
6,1560,0.8515,0.7500
6,1570,0.5892,0.7500
6,1580,0.6049,0.6562
6,1590,0.8722,0.7188
6,1600,0.6823,0.7188
6,1610,0.5138,0.7812
6,1620,0.6631,0.7812
6,1630,0.3005,0.9375
6,1640,0.5210,0.8125
6,1650,1.0975,0.5625
6,1660,0.5304,0.8125
6,1670,0.9624,0.6250
6,1680,0.7466,0.7500
6,1690,1.1729,0.5625
6,1700,0.8925,0.7188
6,1710,1.5707,0.5938
6,1720,1.3414,0.5938
6,1730,0.4285,0.8750
6,1740,0.7359,0.7500
6,1750,0.3858,0.9062
6,1760,0.4733,0.8438
6,1770,0.5831,0.8438
6,1780,1.1106,0.7188
6,1790,1.4410,0.5625
6,1800,0.6496,0.8438
6,1810,0.7858,0.7812
6,1820,0.7641,0.6875
6,1830,1.4321,0.5625
6,1840,0.8008,0.6250
6,1850,0.8805,0.7500
6,1860,0.9701,0.6250
6,1870,1.0232,0.6562
6,1880,1.3230,0.5938
6,1890,0.7382,0.7188
6,1900,1.3450,0.6250
6,1910,1.3457,0.6250
6,1920,0.5701,0.8438
6,1930,0.6981,0.7188
6,1940,1.2909,0.5938
6,1950,1.2434,0.5938
6,1960,0.8146,0.7188
6,1970,1.1435,0.6875
6,1980,1.1531,0.6562
6,1990,0.9505,0.6562
6,2000,0.4850,0.8125
6,2010,0.7841,0.8125
6,2020,1.0546,0.7500
6,2030,1.3219,0.5312
6,2040,0.6239,0.8438
6,2050,0.6625,0.8750
6,2060,0.8535,0.7188
6,2070,1.3403,0.4375
6,2080,0.9135,0.7188
6,2090,1.1388,0.6562
6,2100,0.6418,0.8438
6,2110,0.7105,0.7812
6,2120,0.6868,0.7500
6,2130,0.9976,0.7500
6,2140,0.7469,0.7188
6,2150,0.8649,0.8125
6,2160,0.8346,0.6875
6,2170,1.2172,0.6250
6,2180,0.6999,0.7812
6,2190,0.7367,0.7500
6,2200,0.8299,0.7812
6,2210,1.0770,0.6250
6,2220,0.9793,0.6562
6,2230,1.4468,0.4062
6,2240,0.8085,0.6875
6,2250,1.0745,0.6875
6,2260,1.3124,0.5000
6,2270,1.1294,0.5625
6,2280,1.2661,0.5312
6,2290,0.9322,0.6875
6,2300,0.9447,0.6562
6,2310,1.0253,0.6250
6,2320,1.3357,0.5625
6,2330,1.5873,0.6250
6,2340,1.0779,0.7188
6,2350,0.8871,0.7188
6,2360,0.8753,0.7500
6,2367,0.9607,0.8333,0.0610
7,0,4.1286,0.0000
7,10,1.9092,0.2500
7,20,1.1711,0.5938
7,30,1.0144,0.5625
7,40,0.8762,0.7188
7,50,1.0705,0.6250
7,60,0.5545,0.7812
7,70,1.1556,0.6562
7,80,1.7315,0.5312
7,90,0.8149,0.7812
7,100,1.3243,0.5000
7,110,0.9850,0.6250
7,120,0.9678,0.6562
7,130,0.4810,0.9062
7,140,1.1083,0.6875
7,150,0.7921,0.7188
7,160,1.0347,0.6875
7,170,1.8664,0.4688
7,180,1.0258,0.6562
7,190,1.0754,0.6250
7,200,0.7350,0.7500
7,210,0.8537,0.6562
7,220,1.1772,0.7188
7,230,0.6987,0.7188
7,240,0.7826,0.7188
7,250,0.7830,0.7500
7,260,1.0999,0.5938
7,270,1.2841,0.6250
7,280,1.2814,0.5312
7,290,0.8746,0.7500
7,300,1.2284,0.6875
7,310,0.9090,0.8125
7,320,0.8145,0.6875
7,330,0.8073,0.6875
7,340,1.0090,0.6562
7,350,0.8857,0.7812
7,360,0.9608,0.6875
7,370,1.1420,0.6250
7,380,1.5041,0.6250
7,390,0.8592,0.7188
7,400,1.4393,0.5625
7,410,1.4726,0.5000
7,420,1.1376,0.6562
7,430,0.9481,0.7500
7,440,0.6520,0.7812
7,450,0.9364,0.7188
7,460,1.0308,0.6562
7,470,0.7235,0.7812
7,480,0.5387,0.8125
7,490,0.8902,0.6875
7,500,0.7435,0.7500
7,510,1.1320,0.6250
7,520,0.9961,0.5938
7,530,0.7208,0.8125
7,540,1.0656,0.6875
7,550,0.9339,0.6562
7,560,1.0511,0.5625
7,570,0.9204,0.6250
7,580,0.7375,0.7188
7,590,0.8566,0.6875
7,600,0.8677,0.7812
7,610,0.8545,0.6250
7,620,0.8296,0.7500
7,630,1.1752,0.5938
7,640,0.7643,0.7500
7,650,0.4295,0.8750
7,660,0.6251,0.8438
7,670,0.3356,0.9062
7,680,0.6421,0.7500
7,690,0.8943,0.6875
7,700,1.0504,0.7812
7,710,0.7803,0.7188
7,720,0.8229,0.6875
7,730,0.8758,0.7188
7,740,0.4736,0.8125
7,750,0.2483,0.9062
7,760,0.6744,0.7812
7,770,0.6646,0.7812
7,780,1.1142,0.5000
7,790,0.4686,0.9062
7,800,0.8419,0.8438
7,810,1.1542,0.6562
7,820,0.9121,0.7812
7,830,0.5212,0.8750
7,840,0.7342,0.7812
7,850,1.1618,0.5625
7,860,0.6633,0.7812
7,870,0.7498,0.7500
7,880,0.9252,0.5938
7,890,1.4554,0.6250
7,900,1.0714,0.5625
7,910,1.0643,0.5625
7,920,0.8780,0.7188
7,930,0.3636,0.8750
7,940,0.7743,0.7812
7,950,0.3544,0.9062
7,960,0.9309,0.6562
7,970,0.5824,0.8438
7,980,0.3482,0.9688
7,990,1.0303,0.6250
7,1000,0.5737,0.8438
7,1010,0.8080,0.7500
7,1020,0.6012,0.8438
7,1030,0.3805,0.8438
7,1040,0.5569,0.8125
7,1050,0.8700,0.7500
7,1060,0.8353,0.7500
7,1070,0.6287,0.7188
7,1080,1.1629,0.6562
7,1090,0.5475,0.7812
7,1100,1.1651,0.6562
7,1110,0.7641,0.7500
7,1120,0.6080,0.7812
7,1130,1.0291,0.6250
7,1140,0.7727,0.7500
7,1150,1.2781,0.6562
7,1160,1.3173,0.4688
7,1170,0.7239,0.7500
7,1180,0.8580,0.7188
7,1190,1.2426,0.6250
7,1200,0.7187,0.7188
7,1210,0.8332,0.7500
7,1220,0.6723,0.8125
7,1230,0.5432,0.7812
7,1240,0.6835,0.8750
7,1250,0.7125,0.8125
7,1260,0.6291,0.7500
7,1270,0.7209,0.7188
7,1280,0.7140,0.7812
7,1290,0.7760,0.7812
7,1300,0.7177,0.7188
7,1310,0.7464,0.7500
7,1320,0.9467,0.6875
7,1330,0.8156,0.5938
7,1340,0.8440,0.6875
7,1350,0.9120,0.6562
7,1360,1.3241,0.6250
7,1370,1.4110,0.5312
7,1380,0.7497,0.7812
7,1390,0.9259,0.5938
7,1400,0.7731,0.8125
7,1410,1.1581,0.6562
7,1420,0.5965,0.7500
7,1430,1.2590,0.7188
7,1440,1.0605,0.6250
7,1450,0.6344,0.8438
7,1460,0.6531,0.8438
7,1470,0.6487,0.7812
7,1480,0.7561,0.7812
7,1490,0.2621,0.9688
7,1500,0.8386,0.7812
7,1510,0.1646,0.9688
7,1520,0.6946,0.7812
7,1530,1.0344,0.6250
7,1540,0.7184,0.7812
7,1550,1.5936,0.5000
7,1560,0.8477,0.6562
7,1570,0.6720,0.7812
7,1580,0.5321,0.7812
7,1590,1.0501,0.5938
7,1600,0.7896,0.6875
7,1610,0.7558,0.8125
7,1620,0.4678,0.8750
7,1630,0.4477,0.9375
7,1640,0.6052,0.8438
7,1650,0.5865,0.7812
7,1660,0.7375,0.7188
7,1670,1.1745,0.7188
7,1680,0.4524,0.8438
7,1690,0.7720,0.8125
7,1700,0.6336,0.7812
7,1710,1.5104,0.5000
7,1720,1.0126,0.7812
7,1730,0.3350,0.9062
7,1740,0.5784,0.7812
7,1750,0.4947,0.9062
7,1760,0.6191,0.7500
7,1770,0.3956,0.8750
7,1780,0.7256,0.7500
7,1790,1.0221,0.6250
7,1800,0.7016,0.7812
7,1810,1.2616,0.6875
7,1820,0.5681,0.8750
7,1830,1.0546,0.6875
7,1840,0.8658,0.6562
7,1850,0.9520,0.7188
7,1860,0.7092,0.6562
7,1870,0.5762,0.8750
7,1880,0.7095,0.7188
7,1890,0.8575,0.7812
7,1900,1.0688,0.6875
7,1910,1.0132,0.7188
7,1920,0.8371,0.7500
7,1930,0.6272,0.8750
7,1940,0.5818,0.8750
7,1950,1.0395,0.6875
7,1960,1.5037,0.4062
7,1970,1.2407,0.6562
7,1980,0.3841,0.9062
7,1990,1.5809,0.5938
7,2000,1.1279,0.6875
7,2010,0.7455,0.7812
7,2020,0.9394,0.6562
7,2030,1.3426,0.5625
7,2040,0.8547,0.6562
7,2050,0.6262,0.7188
7,2060,0.9921,0.7500
7,2070,1.4619,0.6250
7,2080,0.9092,0.6875
7,2090,0.8941,0.7188
7,2100,0.8223,0.7500
7,2110,0.8732,0.6875
7,2120,0.8898,0.7500
7,2130,0.7037,0.8125
7,2140,0.9844,0.5938
7,2150,1.2521,0.6562
7,2160,1.2173,0.5312
7,2170,0.9055,0.6562
7,2180,1.0115,0.7500
7,2190,1.0397,0.6875
7,2200,0.5455,0.8750
7,2210,1.2635,0.6250
7,2220,0.7366,0.7500
7,2230,1.4892,0.5312
7,2240,0.8923,0.7500
7,2250,1.3884,0.5312
7,2260,1.1409,0.6250
7,2270,0.9870,0.7188
7,2280,0.9510,0.7500
7,2290,0.6849,0.8125
7,2300,1.4791,0.5312
7,2310,0.7606,0.8438
7,2320,0.7682,0.7500
7,2330,1.4294,0.5625
7,2340,1.1431,0.6562
7,2350,0.4284,0.8438
7,2360,0.5251,0.9062
7,2367,0.8797,0.8333,0.0667
8,0,4.1906,0.0000
8,10,1.9609,0.2812
8,20,0.6572,0.7812
8,30,1.0793,0.5312
8,40,0.6197,0.8438
8,50,0.8140,0.7188
8,60,0.8976,0.6875
8,70,1.0194,0.7188
8,80,1.0469,0.6250
8,90,1.5467,0.5938
8,100,1.3376,0.5312
8,110,0.9459,0.6875
8,120,0.8974,0.6875
8,130,0.6334,0.8125
8,140,0.9818,0.7188
8,150,0.6559,0.7500
8,160,1.3105,0.6250
8,170,0.8124,0.7188
8,180,0.8316,0.6562
8,190,1.2501,0.7500
8,200,0.5096,0.8125
8,210,0.9297,0.7188
8,220,1.0604,0.6562
8,230,0.9535,0.6250
8,240,0.6043,0.7812
8,250,0.7012,0.8125
8,260,1.1402,0.7188
8,270,0.6932,0.8125
8,280,0.9577,0.7188
8,290,1.3607,0.6562
8,300,0.6653,0.8750
8,310,1.0052,0.6875
8,320,0.2907,0.9688
8,330,1.3760,0.6562
8,340,1.1785,0.5625
8,350,0.5990,0.8750
8,360,1.0803,0.5625
8,370,0.9499,0.6250
8,380,1.1258,0.6250
8,390,1.1993,0.5312
8,400,0.8302,0.7188
8,410,0.9803,0.7500
8,420,0.7684,0.7812
8,430,0.6799,0.7188
8,440,0.6156,0.8125
8,450,0.6002,0.6875
8,460,0.6210,0.7812
8,470,0.5368,0.7812
8,480,0.5142,0.8438
8,490,0.6795,0.8125
8,500,0.9745,0.5938
8,510,0.8701,0.7188
8,520,1.0704,0.6875
8,530,0.5280,0.8125
8,540,0.7208,0.7500
8,550,0.5728,0.8125
8,560,0.7659,0.7188
8,570,0.4647,0.8438
8,580,0.4201,0.8438
8,590,1.1451,0.6250
8,600,0.5912,0.7812
8,610,1.0659,0.6875
8,620,0.7976,0.7812
8,630,0.6152,0.8125
8,640,1.3412,0.4688
8,650,0.7971,0.7812
8,660,0.8919,0.6562
8,670,0.5634,0.8438
8,680,0.4318,0.8750
8,690,0.5817,0.7812
8,700,0.4163,0.8750
8,710,0.6335,0.7812
8,720,0.7306,0.7812
8,730,0.6081,0.7812
8,740,0.9543,0.7812
8,750,0.4828,0.8438
8,760,0.5231,0.9062
8,770,0.6777,0.7812
8,780,0.5770,0.8125
8,790,0.5365,0.8438
8,800,1.1083,0.7188
8,810,1.0312,0.7812
8,820,1.0193,0.6875
8,830,0.5968,0.8125
8,840,1.0098,0.6875
8,850,1.0383,0.6250
8,860,0.6701,0.7188
8,870,1.1293,0.5938
8,880,0.8074,0.6562
8,890,1.1273,0.6562
8,900,1.3728,0.4688
8,910,0.9057,0.6562
8,920,0.7368,0.7500
8,930,0.5998,0.8438
8,940,0.7528,0.6875
8,950,0.4289,0.8438
8,960,0.7674,0.7812
8,970,0.9918,0.5938
8,980,0.6800,0.8125
8,990,0.9562,0.6562
8,1000,0.5691,0.8438
8,1010,0.8790,0.7500
8,1020,0.7574,0.7188
8,1030,0.7098,0.8125
8,1040,0.6253,0.7812
8,1050,0.8430,0.6875
8,1060,0.6174,0.7812
8,1070,0.6665,0.8438
8,1080,0.6545,0.8438
8,1090,0.7680,0.8125
8,1100,1.0474,0.6562
8,1110,0.8787,0.7812
8,1120,1.1167,0.6562
8,1130,1.1311,0.6250
8,1140,0.9040,0.7188
8,1150,1.2404,0.5312
8,1160,0.7473,0.6250
8,1170,0.7940,0.7188
8,1180,0.4897,0.9375
8,1190,0.8066,0.7188
8,1200,1.0944,0.5938
8,1210,0.6785,0.7812
8,1220,0.6306,0.7500
8,1230,0.6398,0.7500
8,1240,0.4673,0.9375
8,1250,0.4467,0.8750
8,1260,0.4537,0.7812
8,1270,0.8939,0.6875
8,1280,0.4552,0.7812
8,1290,1.0177,0.7188
8,1300,0.6241,0.8125
8,1310,0.9725,0.7500
8,1320,1.4287,0.5938
8,1330,0.8556,0.7500
8,1340,1.1169,0.5938
8,1350,0.7359,0.6875
8,1360,1.0303,0.7188
8,1370,0.8231,0.6562
8,1380,0.5806,0.8125
8,1390,0.9019,0.7188
8,1400,0.5386,0.8125
8,1410,0.8415,0.7500
8,1420,0.6585,0.8125
8,1430,0.8368,0.7500
8,1440,0.9926,0.6875
8,1450,0.4668,0.8125
8,1460,0.3468,0.8438
8,1470,0.5584,0.9062
8,1480,0.5473,0.8125
8,1490,0.5097,0.8438
8,1500,0.6920,0.7812
8,1510,0.5503,0.8750
8,1520,0.9895,0.7812
8,1530,0.6357,0.8750
8,1540,0.9121,0.7812
8,1550,1.1468,0.6250
8,1560,0.5884,0.7812
8,1570,0.4768,0.7812
8,1580,0.7245,0.8125
8,1590,0.6849,0.8125
8,1600,0.5814,0.8125
8,1610,0.3478,0.9062
8,1620,0.5431,0.8438
8,1630,0.4901,0.7500
8,1640,0.8135,0.7500
8,1650,0.7697,0.6875
8,1660,0.5089,0.9375
8,1670,0.6431,0.7812
8,1680,0.4769,0.8438
8,1690,1.3341,0.6250
8,1700,0.5195,0.8125
8,1710,0.7176,0.7500
8,1720,1.5770,0.5000
8,1730,0.6792,0.8750
8,1740,0.9166,0.7188
8,1750,0.5690,0.8125
8,1760,0.6193,0.7812
8,1770,0.6429,0.8125
8,1780,1.1084,0.6875
8,1790,1.0190,0.6875
8,1800,0.5181,0.9062
8,1810,1.0138,0.7188
8,1820,0.8389,0.7188
8,1830,0.9376,0.7812
8,1840,1.2906,0.5000
8,1850,0.6956,0.7812
8,1860,1.0854,0.6875
8,1870,0.9888,0.5938
8,1880,0.9872,0.5938
8,1890,0.6210,0.7188
8,1900,0.3563,0.8750
8,1910,0.8697,0.7188
8,1920,0.8181,0.7188
8,1930,0.3844,0.9375
8,1940,1.0258,0.7188
8,1950,0.4166,0.8438
8,1960,0.4765,0.8125
8,1970,0.8473,0.7812
8,1980,0.8120,0.7500
8,1990,0.4416,0.9062
8,2000,0.6657,0.7500
8,2010,0.4207,0.8438
8,2020,1.1754,0.6562
8,2030,0.5472,0.8125
8,2040,0.5130,0.7812
8,2050,0.4550,0.8750
8,2060,1.0728,0.5938
8,2070,0.8441,0.6562
8,2080,0.5784,0.8125
8,2090,0.4854,0.9062
8,2100,0.6518,0.7812
8,2110,1.0800,0.6562
8,2120,0.7990,0.7812
8,2130,0.8039,0.6875
8,2140,0.7108,0.7188
8,2150,0.6921,0.7500
8,2160,0.7520,0.7188
8,2170,1.0619,0.6875
8,2180,0.9929,0.7812
8,2190,0.5851,0.8750
8,2200,1.0069,0.6875
8,2210,1.0811,0.6875
8,2220,1.0083,0.7188
8,2230,1.4013,0.5938
8,2240,0.7746,0.7500
8,2250,1.6065,0.5938
8,2260,1.1829,0.5938
8,2270,0.7517,0.6875
8,2280,1.5311,0.5000
8,2290,1.2510,0.5625
8,2300,1.3510,0.5625
8,2310,0.5794,0.8125
8,2320,0.8694,0.7500
8,2330,1.8865,0.4375
8,2340,0.7690,0.6562
8,2350,0.4377,0.7812
8,2360,0.8099,0.7500
8,2367,0.8189,0.6667,0.0760
9,0,3.7332,0.1250
9,10,1.9383,0.3438
9,20,0.6841,0.6875
9,30,0.9799,0.5938
9,40,0.8506,0.6562
9,50,0.5583,0.7812
9,60,0.5814,0.7812
9,70,1.2026,0.6562
9,80,1.1198,0.6250
9,90,1.2016,0.6250
9,100,0.9396,0.7188
9,110,0.6320,0.7812
9,120,0.9825,0.6562
9,130,0.6693,0.7500
9,140,0.8673,0.7812
9,150,0.8993,0.7500
9,160,0.7597,0.8125
9,170,1.2215,0.6250
9,180,0.6491,0.7812
9,190,1.0063,0.6250
9,200,0.9761,0.7188
9,210,0.7330,0.7500
9,220,0.7799,0.6875
9,230,1.0254,0.6250
9,240,0.7931,0.7500
9,250,1.1956,0.7188
9,260,0.9725,0.7500
9,270,0.3843,0.8438
9,280,1.1337,0.7188
9,290,0.5669,0.7812
9,300,0.8222,0.6875
9,310,0.7862,0.6562
9,320,0.6317,0.7812
9,330,1.3944,0.5312
9,340,0.9510,0.6250
9,350,0.7405,0.8438
9,360,0.7896,0.6875
9,370,1.1413,0.6250
9,380,0.9073,0.6562
9,390,0.6395,0.7188
9,400,0.6437,0.8125
9,410,1.0507,0.7188
9,420,1.0432,0.6562
9,430,0.7774,0.7188
9,440,0.9630,0.7188
9,450,0.6758,0.8438
9,460,0.5848,0.7812
9,470,1.0332,0.6875
9,480,0.6604,0.8125
9,490,0.8041,0.7188
9,500,1.0126,0.6250
9,510,0.7446,0.7812
9,520,0.7430,0.7500
9,530,0.5968,0.7812
9,540,1.0431,0.6875
9,550,0.5854,0.8438
9,560,0.5802,0.8125
9,570,0.8482,0.6562
9,580,0.7130,0.7500
9,590,0.9654,0.6562
9,600,0.6954,0.8438
9,610,0.7806,0.6875
9,620,0.7765,0.7812
9,630,0.4495,0.8750
9,640,0.7422,0.6250
9,650,1.2604,0.7188
9,660,0.4373,0.8438
9,670,0.5809,0.8125
9,680,0.5201,0.8750
9,690,0.7240,0.7812
9,700,0.7244,0.7188
9,710,0.7542,0.7500
9,720,0.5860,0.7500
9,730,0.6583,0.7812
9,740,0.5254,0.8438
9,750,0.4683,0.9062
9,760,0.4770,0.8438
9,770,0.7255,0.7812
9,780,0.5635,0.7812
9,790,0.3304,0.9062
9,800,0.7699,0.8750
9,810,0.6765,0.8438
9,820,0.5281,0.8125
9,830,0.2753,0.9062
9,840,0.5600,0.8438
9,850,0.6786,0.8125
9,860,0.6851,0.8125
9,870,0.7080,0.7188
9,880,0.7402,0.7812
9,890,1.1033,0.5938
9,900,0.7530,0.8438
9,910,0.5835,0.8438
9,920,0.7830,0.7188
9,930,0.4959,0.8125
9,940,0.6921,0.7812
9,950,0.5136,0.8750
9,960,0.8699,0.6875
9,970,0.8831,0.7500
9,980,0.7669,0.7500
9,990,1.1060,0.7500
9,1000,0.7571,0.7500
9,1010,0.5276,0.7812
9,1020,0.3729,0.9062
9,1030,0.4893,0.8750
9,1040,0.7684,0.7812
9,1050,0.4707,0.8125
9,1060,1.1968,0.5625
9,1070,0.5525,0.8438
9,1080,0.7841,0.7500
9,1090,0.6609,0.8438
9,1100,0.3233,0.9062
9,1110,0.5342,0.8125
9,1120,0.8550,0.7500
9,1130,1.1327,0.5312
9,1140,0.4604,0.8438
9,1150,1.3264,0.5312
9,1160,0.4996,0.7188
9,1170,0.7519,0.7500
9,1180,0.2862,0.9375
9,1190,0.3531,0.8750
9,1200,1.2749,0.5625
9,1210,0.5251,0.9062
9,1220,0.9134,0.7500
9,1230,0.7038,0.7500
9,1240,0.3911,0.8750
9,1250,0.5795,0.8438
9,1260,0.6399,0.8125
9,1270,1.0037,0.7500
9,1280,0.3906,0.8750
9,1290,0.9872,0.6250
9,1300,0.6340,0.7188
9,1310,0.6465,0.7812
9,1320,1.5360,0.5000
9,1330,0.6696,0.7812
9,1340,0.8118,0.6875
9,1350,0.8196,0.7188
9,1360,0.9271,0.6250
9,1370,0.8039,0.7188
9,1380,0.8045,0.7500
9,1390,0.7281,0.8438
9,1400,0.5198,0.8438
9,1410,0.6877,0.7500
9,1420,0.6547,0.8125
9,1430,0.7232,0.7812
9,1440,0.5950,0.8750
9,1450,0.5994,0.8125
9,1460,0.4650,0.9062
9,1470,0.6073,0.8438
9,1480,0.7246,0.8125
9,1490,0.5154,0.8438
9,1500,0.4528,0.8750
9,1510,0.4637,0.9375
9,1520,0.9870,0.6562
9,1530,0.4899,0.8125
9,1540,0.6861,0.8438
9,1550,0.9500,0.6562
9,1560,0.8639,0.7188
9,1570,0.4212,0.8750
9,1580,0.6837,0.7500
9,1590,0.6431,0.7500
9,1600,0.6934,0.7188
9,1610,0.5789,0.8125
9,1620,0.7491,0.8125
9,1630,0.4589,0.8438
9,1640,0.3314,0.8438
9,1650,0.4781,0.7500
9,1660,0.3429,0.8125
9,1670,0.5741,0.7812
9,1680,0.4131,0.8438
9,1690,0.4819,0.7812
9,1700,0.6767,0.7812
9,1710,1.2158,0.7188
9,1720,1.0145,0.6562
9,1730,0.6058,0.7812
9,1740,0.6198,0.9062
9,1750,0.4399,0.8125
9,1760,0.7304,0.6875
9,1770,0.2761,0.8750
9,1780,0.6472,0.8125
9,1790,0.9295,0.7188
9,1800,0.5953,0.8438
9,1810,0.8172,0.7812
9,1820,0.8881,0.6562
9,1830,1.1493,0.6250
9,1840,0.6824,0.7500
9,1850,1.0264,0.6562
9,1860,1.0696,0.5625
9,1870,0.8292,0.7188
9,1880,1.1045,0.6250
9,1890,0.8682,0.7188
9,1900,1.1602,0.6875
9,1910,1.0363,0.6562
9,1920,0.3835,0.9062
9,1930,0.7449,0.7812
9,1940,1.0216,0.6562
9,1950,1.4910,0.5938
9,1960,0.5702,0.7812
9,1970,1.3281,0.5938
9,1980,0.9807,0.7188
9,1990,1.0806,0.7500
9,2000,0.5144,0.8750
9,2010,0.8999,0.7188
9,2020,0.7627,0.7188
9,2030,0.9516,0.7188
9,2040,0.6938,0.7812
9,2050,0.4069,0.8750
9,2060,0.4750,0.8750
9,2070,0.8552,0.6562
9,2080,1.0910,0.6875
9,2090,0.5844,0.7500
9,2100,0.6006,0.8438
9,2110,0.8912,0.6875
9,2120,0.4094,0.8438
9,2130,0.8078,0.7500
9,2140,0.6519,0.6875
9,2150,0.5557,0.8750
9,2160,0.7396,0.8125
9,2170,0.6611,0.7812
9,2180,0.6247,0.8125
9,2190,0.5506,0.7500
9,2200,0.9316,0.6875
9,2210,0.7775,0.7188
9,2220,0.4492,0.8438
9,2230,1.0169,0.6250
9,2240,0.8796,0.6562
9,2250,0.6514,0.7500
9,2260,1.0378,0.5938
9,2270,1.0374,0.6875
9,2280,1.1589,0.6250
9,2290,0.9160,0.7500
9,2300,0.9532,0.6875
9,2310,0.7636,0.7500
9,2320,1.5768,0.4688
9,2330,1.2527,0.6250
9,2340,0.6995,0.8125
9,2350,0.6247,0.8125
9,2360,0.6605,0.8125
9,2367,0.7797,0.6667,0.0805
10,0,4.0198,0.0938
10,10,2.0177,0.4062
10,20,0.6386,0.7500
10,30,0.9376,0.6250
10,40,0.4513,0.8438
10,50,1.0586,0.6562
10,60,0.1615,0.9688
10,70,1.3659,0.6562
10,80,0.7896,0.7500
10,90,1.0165,0.6250
10,100,0.9500,0.6250
10,110,1.0434,0.7188
10,120,0.5627,0.8750
10,130,0.8560,0.7188
10,140,0.6779,0.8125
10,150,0.6180,0.8125
10,160,0.5495,0.7500
10,170,1.2239,0.6250
10,180,0.5709,0.7500
10,190,0.7110,0.7500
10,200,0.3004,0.9062
10,210,0.6501,0.7500
10,220,0.8945,0.7188
10,230,1.5456,0.5312
10,240,0.6843,0.8125
10,250,0.5077,0.8125
10,260,0.9202,0.7500
10,270,0.8064,0.7188
10,280,0.9137,0.7500
10,290,0.6510,0.7812
10,300,0.6404,0.7812
10,310,0.9232,0.6875
10,320,0.7463,0.7500
10,330,0.9509,0.7500
10,340,1.1565,0.6875
10,350,1.2845,0.5938
10,360,0.9858,0.5938
10,370,0.5545,0.8438
10,380,1.3638,0.5625
10,390,0.3944,0.8438
10,400,0.9229,0.7188
10,410,1.1482,0.6562
10,420,0.6982,0.7188
10,430,0.9130,0.7812
10,440,0.7452,0.7188
10,450,0.4599,0.8750
10,460,0.5883,0.8438
10,470,0.7614,0.7812
10,480,0.6251,0.7812
10,490,0.8079,0.7812
10,500,0.8652,0.6250
10,510,1.2004,0.5938
10,520,0.6903,0.7188
10,530,0.5068,0.8125
10,540,0.8873,0.7188
10,550,0.6964,0.8438
10,560,0.7854,0.7500
10,570,0.6941,0.7188
10,580,0.5668,0.8750
10,590,0.9526,0.6875
10,600,0.6563,0.8438
10,610,0.5227,0.7812
10,620,0.5691,0.8125
10,630,0.7811,0.7188
10,640,0.7819,0.7500
10,650,0.4410,0.8750
10,660,0.6940,0.7812
10,670,0.4819,0.8438
10,680,0.8625,0.7500
10,690,0.5561,0.7812
10,700,0.7172,0.7812
10,710,1.1231,0.5938
10,720,0.4277,0.8125
10,730,0.4445,0.8750
10,740,0.8336,0.6875
10,750,0.3651,0.8125
10,760,0.0931,0.9688
10,770,0.5466,0.7500
10,780,0.4452,0.7812
10,790,0.4139,0.8750
10,800,0.6372,0.8125
10,810,0.5130,0.8750
10,820,0.4815,0.8438
10,830,0.7817,0.7812
10,840,0.8178,0.8125
10,850,0.9542,0.6250
10,860,0.6502,0.8438
10,870,0.9743,0.6250
10,880,0.3602,0.8750
10,890,1.4887,0.5625
10,900,0.6510,0.6875
10,910,0.8198,0.7188
10,920,0.7538,0.6875
10,930,0.2832,0.9062
10,940,0.4817,0.8125
10,950,0.4227,0.8750
10,960,0.8261,0.6875
10,970,0.6097,0.8125
10,980,0.4540,0.8438
10,990,0.4133,0.9062
10,1000,0.5790,0.8438
10,1010,0.8286,0.7188
10,1020,0.8140,0.7500
10,1030,0.5934,0.8438
10,1040,0.7676,0.8125
10,1050,1.0191,0.6562
10,1060,1.0418,0.6875
10,1070,0.6608,0.8125
10,1080,0.6869,0.8125
10,1090,0.5925,0.7812
10,1100,0.6885,0.7500
10,1110,0.9094,0.6875
10,1120,0.5606,0.8438
10,1130,0.9900,0.6250
10,1140,0.6387,0.8125
10,1150,1.2904,0.5625
10,1160,0.7438,0.7188
10,1170,0.5375,0.8125
10,1180,0.7822,0.8125
10,1190,0.4987,0.8750
10,1200,1.0690,0.6250
10,1210,0.5258,0.7500
10,1220,0.5846,0.7812
10,1230,0.9301,0.6875
10,1240,0.3859,0.9062
10,1250,0.2439,0.9688
10,1260,0.5070,0.8438
10,1270,0.6613,0.7812
10,1280,0.7332,0.7812
10,1290,1.3569,0.5625
10,1300,0.6874,0.6562
10,1310,1.0785,0.7188
10,1320,0.9414,0.6875
10,1330,0.9330,0.6562
10,1340,1.1923,0.6562
10,1350,0.5203,0.7812
10,1360,0.6898,0.7812
10,1370,0.9404,0.6250
10,1380,0.3565,0.8750
10,1390,0.6195,0.8438
10,1400,0.7037,0.8750
10,1410,0.4488,0.8438
10,1420,0.3623,0.9062
10,1430,0.5127,0.7812
10,1440,0.6657,0.7812
10,1450,0.4648,0.8438
10,1460,0.4407,0.8750
10,1470,0.1757,0.9375
10,1480,0.6828,0.6875
10,1490,0.5879,0.8125
10,1500,0.4498,0.8750
10,1510,0.4899,0.7812
10,1520,0.5681,0.8750
10,1530,0.8298,0.8125
10,1540,0.5610,0.8125
10,1550,1.1099,0.6250
10,1560,0.4332,0.8438
10,1570,0.7550,0.8125
10,1580,0.5497,0.7188
10,1590,0.6509,0.8125
10,1600,0.7010,0.7812
10,1610,0.3977,0.9062
10,1620,0.5935,0.8125
10,1630,0.5446,0.8438
10,1640,0.8143,0.7812
10,1650,0.6225,0.7812
10,1660,0.3820,0.9062
10,1670,0.8012,0.7188
10,1680,0.3997,0.8750
10,1690,0.9275,0.7812
10,1700,0.3530,0.9688
10,1710,0.7189,0.7500
10,1720,0.7845,0.7500
10,1730,0.4908,0.7812
10,1740,0.7388,0.7500
10,1750,0.4570,0.8750
10,1760,0.3564,0.8750
10,1770,0.5434,0.8125
10,1780,0.8468,0.7500
10,1790,0.8461,0.7188
10,1800,0.6150,0.7500
10,1810,1.3562,0.6250
10,1820,0.4205,0.8438
10,1830,0.7478,0.7500
10,1840,0.7164,0.6562
10,1850,1.2703,0.6250
10,1860,0.9516,0.7188
10,1870,0.3846,0.8750
10,1880,0.5885,0.8125
10,1890,0.4793,0.8750
10,1900,1.5499,0.5938
10,1910,0.8080,0.6875
10,1920,0.7560,0.6875
10,1930,0.4709,0.8125
10,1940,0.7295,0.7812
10,1950,1.0998,0.6562
10,1960,0.8253,0.7500
10,1970,1.4946,0.5625
10,1980,0.5061,0.8125
10,1990,0.4584,0.9062
10,2000,0.6175,0.8125
10,2010,0.2546,0.8750
10,2020,1.2471,0.6250
10,2030,0.4170,0.8438
10,2040,0.6411,0.7812
10,2050,0.5108,0.8750
10,2060,1.0670,0.5938
10,2070,0.8037,0.7188
10,2080,0.8312,0.6562
10,2090,0.5779,0.7812
10,2100,0.4745,0.8750
10,2110,0.8249,0.7500
10,2120,0.6077,0.8438
10,2130,0.5028,0.8438
10,2140,0.7534,0.6875
10,2150,0.4473,0.8438
10,2160,1.1380,0.6875
10,2170,0.5857,0.7812
10,2180,0.2930,0.9375
10,2190,0.5843,0.8125
10,2200,0.7281,0.8125
10,2210,0.6299,0.8125
10,2220,0.4693,0.7812
10,2230,1.3303,0.5938
10,2240,0.6860,0.8438
10,2250,1.3461,0.5312
10,2260,0.7218,0.6875
10,2270,1.0216,0.7500
10,2280,1.0148,0.6875
10,2290,0.9578,0.6562
10,2300,1.0610,0.5625
10,2310,0.9229,0.6875
10,2320,1.1572,0.6562
10,2330,1.1483,0.6562
10,2340,0.8389,0.5625
10,2350,0.4770,0.8125
10,2360,0.3754,0.8750
10,2367,0.7434,0.8333,0.0826
